 sig=    1.000000000000000      inputfile=
 /home/rjrj524/project3/20251121_pwo/nc/wout_QA_nfp2_A6.nc                                                                                                                                               
 dt=   1.0000000000000001E-009
 steps=       500000
 x0=   7.4800000000000005E-002    3.080000000000000      
    6.410000000000000     
 u=    20000.00000000000     
 v_perp=    200000.0000000000     
 
time(s)         x0(1)       x0(2)        x0(3)      r
    4.9900000000E-07    7.4745384043E-02    3.0808311332E+00    6.4176597228E+00    1.3090197572E+00
    9.9900000000E-07    7.4691663241E-02    3.0816702302E+00    6.4253258714E+00    1.3087685611E+00
    1.4990000000E-06    7.4638951079E-02    3.0825155640E+00    6.4329832578E+00    1.3085106336E+00
    1.9990000000E-06    7.4587250432E-02    3.0833670616E+00    6.4406320542E+00    1.3082460288E+00
    2.4990000000E-06    7.4536564018E-02    3.0842246430E+00    6.4482724338E+00    1.3079748004E+00
    2.9990000000E-06    7.4486894401E-02    3.0850882224E+00    6.4559045711E+00    1.3076970007E+00
    3.4990000000E-06    7.4438243990E-02    3.0859577079E+00    6.4635286415E+00    1.3074126812E+00
    3.9990000000E-06    7.4390615041E-02    3.0868330029E+00    6.4711448221E+00    1.3071218925E+00
    4.4990000000E-06    7.4344009665E-02    3.0877140110E+00    6.4787532914E+00    1.3068246842E+00
    4.9990000000E-06    7.4298429840E-02    3.0886006381E+00    6.4863542300E+00    1.3065211055E+00
    5.4990000000E-06    7.4253877418E-02    3.0894927897E+00    6.4939478203E+00    1.3062112047E+00
    5.9990000000E-06    7.4210354135E-02    3.0903903715E+00    6.5015342464E+00    1.3058950293E+00
    6.4990000000E-06    7.4167861616E-02    3.0912932891E+00    6.5091136941E+00    1.3055726259E+00
    6.9990000000E-06    7.4126401387E-02    3.0922014482E+00    6.5166863507E+00    1.3052440406E+00
    7.4990000000E-06    7.4085974877E-02    3.0931147538E+00    6.5242524054E+00    1.3049093186E+00
    7.9990000000E-06    7.4046583427E-02    3.0940331113E+00    6.5318120490E+00    1.3045685041E+00
    8.4990000000E-06    7.4008228303E-02    3.0949564262E+00    6.5393654737E+00    1.3042216408E+00
    8.9990000000E-06    7.3970910693E-02    3.0958846034E+00    6.5469128735E+00    1.3038687715E+00
    9.4990000000E-06    7.3934631724E-02    3.0968175471E+00    6.5544544437E+00    1.3035099382E+00
    9.9990000000E-06    7.3899392462E-02    3.0977551605E+00    6.5619903809E+00    1.3031451819E+00
    1.0499000000E-05    7.3865193920E-02    3.0986973455E+00    6.5695208830E+00    1.3027745430E+00
    1.0999000000E-05    7.3832037066E-02    3.0996440032E+00    6.5770461495E+00    1.3023980608E+00
    1.1499000000E-05    7.3799922827E-02    3.1005950334E+00    6.5845663806E+00    1.3020157739E+00
    1.1999000000E-05    7.3768852096E-02    3.1015503343E+00    6.5920817781E+00    1.3016277201E+00
    1.2499000000E-05    7.3738825737E-02    3.1025098032E+00    6.5995925444E+00    1.3012339361E+00
    1.2999000000E-05    7.3709844589E-02    3.1034733336E+00    6.6070988831E+00    1.3008344578E+00
    1.3499000000E-05    7.3681909470E-02    3.1044408136E+00    6.6146009981E+00    1.3004293200E+00
    1.3999000000E-05    7.3655021177E-02    3.1054121307E+00    6.6220990943E+00    1.3000185564E+00
    1.4499000000E-05    7.3629180494E-02    3.1063871723E+00    6.6295933776E+00    1.2996022003E+00
    1.4999000000E-05    7.3604388196E-02    3.1073658259E+00    6.6370840546E+00    1.2991802838E+00
    1.5499000000E-05    7.3580645055E-02    3.1083479791E+00    6.6445713328E+00    1.2987528387E+00
    1.5999000000E-05    7.3557951846E-02    3.1093335199E+00    6.6520554203E+00    1.2983198956E+00
    1.6499000000E-05    7.3536309347E-02    3.1103223364E+00    6.6595365259E+00    1.2978814847E+00
    1.6999000000E-05    7.3515718348E-02    3.1113143170E+00    6.6670148590E+00    1.2974376354E+00
    1.7499000000E-05    7.3496179655E-02    3.1123093503E+00    6.6744906294E+00    1.2969883764E+00
    1.7999000000E-05    7.3477694088E-02    3.1133073250E+00    6.6819640473E+00    1.2965337357E+00
    1.8499000000E-05    7.3460262489E-02    3.1143081299E+00    6.6894353234E+00    1.2960737407E+00
    1.8999000000E-05    7.3443885720E-02    3.1153116539E+00    6.6969046683E+00    1.2956084179E+00
    1.9499000000E-05    7.3428564669E-02    3.1163177855E+00    6.7043722932E+00    1.2951377934E+00
    1.9999000000E-05    7.3414300249E-02    3.1173264133E+00    6.7118384090E+00    1.2946618925E+00
    2.0499000000E-05    7.3401093396E-02    3.1183374252E+00    6.7193032268E+00    1.2941807398E+00
    2.0999000000E-05    7.3388945074E-02    3.1193507088E+00    6.7267669576E+00    1.2936943595E+00
    2.1499000000E-05    7.3377856273E-02    3.1203661513E+00    6.7342298124E+00    1.2932027748E+00
    2.1999000000E-05    7.3367828004E-02    3.1213836384E+00    6.7416920017E+00    1.2927060085E+00
    2.2499000000E-05    7.3358861303E-02    3.1224030554E+00    6.7491537361E+00    1.2922040827E+00
    2.2999000000E-05    7.3350957224E-02    3.1234242859E+00    6.7566152255E+00    1.2916970188E+00
    2.3499000000E-05    7.3344116840E-02    3.1244472130E+00    6.7640766796E+00    1.2911848374E+00
    2.3999000000E-05    7.3338341236E-02    3.1254717184E+00    6.7715383077E+00    1.2906675588E+00
    2.4499000000E-05    7.3333631509E-02    3.1264976828E+00    6.7790003187E+00    1.2901452025E+00
    2.4999000000E-05    7.3329988763E-02    3.1275249858E+00    6.7864629210E+00    1.2896177873E+00
    2.5499000000E-05    7.3327414103E-02    3.1285535061E+00    6.7939263222E+00    1.2890853316E+00
    2.5999000000E-05    7.3325908632E-02    3.1295831212E+00    6.8013907297E+00    1.2885478531E+00
    2.6499000000E-05    7.3325473444E-02    3.1306137075E+00    6.8088563502E+00    1.2880053688E+00
    2.6999000000E-05    7.3326109623E-02    3.1316451408E+00    6.8163233899E+00    1.2874578954E+00
    2.7499000000E-05    7.3327818232E-02    3.1326772956E+00    6.8237920543E+00    1.2869054488E+00
    2.7999000000E-05    7.3330600309E-02    3.1337100458E+00    6.8312625485E+00    1.2863480445E+00
    2.8499000000E-05    7.3334456862E-02    3.1347432643E+00    6.8387350767E+00    1.2857856973E+00
    2.8999000000E-05    7.3339388864E-02    3.1357768233E+00    6.8462098427E+00    1.2852184217E+00
    2.9499000000E-05    7.3345397240E-02    3.1368105945E+00    6.8536870499E+00    1.2846462314E+00
    2.9999000000E-05    7.3352482866E-02    3.1378444489E+00    6.8611669008E+00    1.2840691400E+00
    3.0499000000E-05    7.3360646563E-02    3.1388782571E+00    6.8686495977E+00    1.2834871602E+00
    3.0999000000E-05    7.3369889083E-02    3.1399118894E+00    6.8761353421E+00    1.2829003046E+00
    3.1499000000E-05    7.3380211110E-02    3.1409452155E+00    6.8836243351E+00    1.2823085849E+00
    3.1999000000E-05    7.3391613249E-02    3.1419781056E+00    6.8911167775E+00    1.2817120129E+00
    3.2499000000E-05    7.3404096018E-02    3.1430104293E+00    6.8986128695E+00    1.2811105995E+00
    3.2999000000E-05    7.3417659844E-02    3.1440420568E+00    6.9061128111E+00    1.2805043554E+00
    3.3499000000E-05    7.3432305053E-02    3.1450728597E+00    6.9136168020E+00    1.2798932912E+00
    3.3999000000E-05    7.3448031869E-02    3.1461027105E+00    6.9211250416E+00    1.2792774168E+00
    3.4499000000E-05    7.3464840404E-02    3.1471314828E+00    6.9286377294E+00    1.2786567421E+00
    3.4999000000E-05    7.3482730652E-02    3.1481590509E+00    6.9361550645E+00    1.2780312765E+00
    3.5499000000E-05    7.3501702485E-02    3.1491852904E+00    6.9436772459E+00    1.2774010292E+00
    3.5999000000E-05    7.3521755646E-02    3.1502100777E+00    6.9512044729E+00    1.2767660090E+00
    3.6499000000E-05    7.3542889743E-02    3.1512332905E+00    6.9587369444E+00    1.2761262245E+00
    3.6999000000E-05    7.3565104243E-02    3.1522548073E+00    6.9662748597E+00    1.2754816839E+00
    3.7499000000E-05    7.3588398470E-02    3.1532745076E+00    6.9738184181E+00    1.2748323954E+00
    3.7999000000E-05    7.3612771594E-02    3.1542922721E+00    6.9813678192E+00    1.2741783665E+00
    3.8499000000E-05    7.3638222631E-02    3.1553079819E+00    6.9889232626E+00    1.2735196047E+00
    3.8999000000E-05    7.3664750435E-02    3.1563215189E+00    6.9964849486E+00    1.2728561169E+00
    3.9499000000E-05    7.3692353697E-02    3.1573327655E+00    7.0040530773E+00    1.2721879100E+00
    3.9999000000E-05    7.3721030935E-02    3.1583416045E+00    7.0116278498E+00    1.2715149903E+00
    4.0499000000E-05    7.3750780494E-02    3.1593479185E+00    7.0192094672E+00    1.2708373638E+00
    4.0999000000E-05    7.3781600540E-02    3.1603515894E+00    7.0267981311E+00    1.2701550360E+00
    4.1499000000E-05    7.3813489053E-02    3.1613524969E+00    7.0343940436E+00    1.2694680119E+00
    4.1999000000E-05    7.3846443825E-02    3.1623505217E+00    7.0419974074E+00    1.2687762960E+00
    4.2499000000E-05    7.3880462458E-02    3.1633455460E+00    7.0496084261E+00    1.2680798928E+00
    4.2999000000E-05    7.3915542360E-02    3.1643374536E+00    7.0572273041E+00    1.2673788063E+00
    4.3499000000E-05    7.3951680748E-02    3.1653261300E+00    7.0648542467E+00    1.2666730405E+00
    4.3999000000E-05    7.3988874646E-02    3.1663114629E+00    7.0724894603E+00    1.2659625992E+00
    4.4499000000E-05    7.4027120885E-02    3.1672933420E+00    7.0801331522E+00    1.2652474858E+00
    4.4999000000E-05    7.4066416107E-02    3.1682716591E+00    7.0877855310E+00    1.2645277038E+00
    4.5499000000E-05    7.4106756766E-02    3.1692463085E+00    7.0954468063E+00    1.2638032564E+00
    4.5999000000E-05    7.4148139127E-02    3.1702171827E+00    7.1031171888E+00    1.2630741464E+00
    4.6499000000E-05    7.4190559267E-02    3.1711841731E+00    7.1107968899E+00    1.2623403762E+00
    4.6999000000E-05    7.4234013075E-02    3.1721471734E+00    7.1184861227E+00    1.2616019478E+00
    4.7499000000E-05    7.4278496259E-02    3.1731060796E+00    7.1261851012E+00    1.2608588634E+00
    4.7999000000E-05    7.4324004346E-02    3.1740607907E+00    7.1338940411E+00    1.2601111249E+00
    4.8499000000E-05    7.4370532691E-02    3.1750112088E+00    7.1416131593E+00    1.2593587345E+00
    4.8999000000E-05    7.4418076483E-02    3.1759572393E+00    7.1493426744E+00    1.2586016942E+00
    4.9499000000E-05    7.4466630746E-02    3.1768987914E+00    7.1570828062E+00    1.2578400062E+00
    4.9999000000E-05    7.4516190353E-02    3.1778357753E+00    7.1648337762E+00    1.2570736725E+00
    5.0499000000E-05    7.4566750026E-02    3.1787680964E+00    7.1725958063E+00    1.2563026945E+00
    5.0999000000E-05    7.4618304332E-02    3.1796956530E+00    7.1803691194E+00    1.2555270724E+00
    5.1499000000E-05    7.4670847688E-02    3.1806183360E+00    7.1881539392E+00    1.2547468056E+00
    5.1999000000E-05    7.4724374355E-02    3.1815360285E+00    7.1959504896E+00    1.2539618924E+00
    5.2499000000E-05    7.4778878443E-02    3.1824486056E+00    7.2037589955E+00    1.2531723299E+00
    5.2999000000E-05    7.4834353913E-02    3.1833559581E+00    7.2115796838E+00    1.2523781169E+00
    5.3499000000E-05    7.4890794623E-02    3.1842580303E+00    7.2194127865E+00    1.2515792572E+00
    5.3999000000E-05    7.4948194376E-02    3.1851547936E+00    7.2272585387E+00    1.2507757580E+00
    5.4499000000E-05    7.5006546942E-02    3.1860462419E+00    7.2351171779E+00    1.2499676283E+00
    5.4999000000E-05    7.5065846091E-02    3.1869323915E+00    7.2429889441E+00    1.2491548801E+00
    5.5499000000E-05    7.5126085613E-02    3.1878132793E+00    7.2508740798E+00    1.2483375274E+00
    5.5999000000E-05    7.5187259338E-02    3.1886889213E+00    7.2587728268E+00    1.2475155824E+00
    5.6499000000E-05    7.5249361093E-02    3.1895592759E+00    7.2666854235E+00    1.2466890515E+00
    5.6999000000E-05    7.5312384687E-02    3.1904242866E+00    7.2746121082E+00    1.2458579393E+00
    5.7499000000E-05    7.5376323899E-02    3.1912838859E+00    7.2825531192E+00    1.2450222499E+00
    5.7999000000E-05    7.5441172486E-02    3.1921379956E+00    7.2905086947E+00    1.2441819859E+00
    5.8499000000E-05    7.5506924168E-02    3.1929865155E+00    7.2984790720E+00    1.2433371480E+00
    5.8999000000E-05    7.5573572604E-02    3.1938292890E+00    7.3064644850E+00    1.2424877302E+00
    5.9499000000E-05    7.5641111361E-02    3.1946661538E+00    7.3144651678E+00    1.2416337258E+00
    5.9999000000E-05    7.5709533941E-02    3.1954969635E+00    7.3224813559E+00    1.2407751302E+00
    6.0499000000E-05    7.5778833810E-02    3.1963215919E+00    7.3305132867E+00    1.2399119409E+00
    6.0999000000E-05    7.5849004444E-02    3.1971399860E+00    7.3385612027E+00    1.2390441641E+00
    6.1499000000E-05    7.5920039493E-02    3.1979523490E+00    7.3466253637E+00    1.2381718366E+00
    6.1999000000E-05    7.5991932908E-02    3.1987589027E+00    7.3547060302E+00    1.2372949988E+00
    6.2499000000E-05    7.6064678867E-02    3.1995597799E+00    7.3628034560E+00    1.2364136826E+00
    6.2999000000E-05    7.6138271671E-02    3.2003550109E+00    7.3709178872E+00    1.2355279092E+00
    6.3499000000E-05    7.6212705592E-02    3.2011443883E+00    7.3790495531E+00    1.2346376732E+00
    6.3999000000E-05    7.6287974645E-02    3.2019274151E+00    7.3871986638E+00    1.2337429341E+00
    6.4499000000E-05    7.6364072600E-02    3.2027037195E+00    7.3953654367E+00    1.2328436645E+00
    6.4999000000E-05    7.6440993200E-02    3.2034731282E+00    7.4035501021E+00    1.2319398592E+00
    6.5499000000E-05    7.6518730398E-02    3.2042356836E+00    7.4117529035E+00    1.2310315378E+00
    6.5999000000E-05    7.6597278532E-02    3.2049916060E+00    7.4199740956E+00    1.2301187428E+00
    6.6499000000E-05    7.6676632260E-02    3.2057410661E+00    7.4282139291E+00    1.2292015136E+00
    6.6999000000E-05    7.6756786402E-02    3.2064840995E+00    7.4364726456E+00    1.2282798758E+00
    6.7499000000E-05    7.6837735787E-02    3.2072206046E+00    7.4447504775E+00    1.2273538405E+00
    6.7999000000E-05    7.6919475163E-02    3.2079504621E+00    7.4530476549E+00    1.2264234174E+00
    6.8499000000E-05    7.7001999373E-02    3.2086736722E+00    7.4613644143E+00    1.2254886292E+00
    6.8999000000E-05    7.7085303492E-02    3.2093902870E+00    7.4697009940E+00    1.2245495060E+00
    6.9499000000E-05    7.7169382878E-02    3.2101004020E+00    7.4780576335E+00    1.2236060836E+00
    6.9999000000E-05    7.7254233199E-02    3.2108040905E+00    7.4864345696E+00    1.2226583968E+00
    7.0499000000E-05    7.7339850351E-02    3.2115013459E+00    7.4948320331E+00    1.2217064732E+00
    7.0999000000E-05    7.7426230418E-02    3.2121921730E+00    7.5032502541E+00    1.2207503425E+00
    7.1499000000E-05    7.7513369696E-02    3.2128766011E+00    7.5116894634E+00    1.2197900387E+00
    7.1999000000E-05    7.7601264693E-02    3.2135546785E+00    7.5201498913E+00    1.2188255987E+00
    7.2499000000E-05    7.7689912058E-02    3.2142264202E+00    7.5286317654E+00    1.2178570569E+00
    7.2999000000E-05    7.7779308491E-02    3.2148917715E+00    7.5371353077E+00    1.2168844409E+00
    7.3499000000E-05    7.7869450656E-02    3.2155506091E+00    7.5456607351E+00    1.2159077718E+00
    7.3999000000E-05    7.7960335192E-02    3.2162028607E+00    7.5542082660E+00    1.2149270776E+00
    7.4499000000E-05    7.8051958918E-02    3.2168485804E+00    7.5627781244E+00    1.2139424017E+00
    7.4999000000E-05    7.8144318942E-02    3.2174878788E+00    7.5713705357E+00    1.2129537950E+00
    7.5499000000E-05    7.8237412701E-02    3.2181208945E+00    7.5799857253E+00    1.2119613132E+00
    7.5999000000E-05    7.8331237843E-02    3.2187476148E+00    7.5886239090E+00    1.2109649969E+00
    7.6499000000E-05    7.8425791998E-02    3.2193679275E+00    7.5972852957E+00    1.2099648768E+00
    7.6999000000E-05    7.8521072719E-02    3.2199816966E+00    7.6059700921E+00    1.2089609819E+00
    7.7499000000E-05    7.8617077522E-02    3.2205889234E+00    7.6146785113E+00    1.2079533575E+00
    7.7999000000E-05    7.8713804272E-02    3.2211899885E+00    7.6234107853E+00    1.2069420918E+00
    7.8499000000E-05    7.8811251454E-02    3.2217853573E+00    7.6321671487E+00    1.2059272837E+00
    7.8999000000E-05    7.8909418168E-02    3.2223754577E+00    7.6409478323E+00    1.2049090298E+00
    7.9499000000E-05    7.9008303699E-02    3.2229600314E+00    7.6497530297E+00    1.2038873535E+00
    7.9999000000E-05    7.9107906661E-02    3.2235383569E+00    7.6585829104E+00    1.2028622286E+00
    8.0499000000E-05    7.9208224811E-02    3.2241096991E+00    7.6674376442E+00    1.2018336278E+00
    8.0999000000E-05    7.9309255218E-02    3.2246737397E+00    7.6763174224E+00    1.2008015703E+00
    8.1499000000E-05    7.9410995130E-02    3.2252309714E+00    7.6852224764E+00    1.1997661650E+00
    8.1999000000E-05    7.9513442433E-02    3.2257819807E+00    7.6941530409E+00    1.1987275325E+00
    8.2499000000E-05    7.9616595581E-02    3.2263272274E+00    7.7031093422E+00    1.1976857812E+00
    8.2999000000E-05    7.9720453149E-02    3.2268665661E+00    7.7120915762E+00    1.1966409549E+00
    8.3499000000E-05    7.9825013358E-02    3.2273996613E+00    7.7210999300E+00    1.1955930775E+00
    8.3999000000E-05    7.9930274077E-02    3.2279262444E+00    7.7301345942E+00    1.1945421815E+00
    8.4499000000E-05    8.0036233136E-02    3.2284466640E+00    7.7391957891E+00    1.1934883677E+00
    8.4999000000E-05    8.0142888913E-02    3.2289616579E+00    7.7482837523E+00    1.1924317803E+00
    8.5499000000E-05    8.0250240343E-02    3.2294718820E+00    7.7573987158E+00    1.1913725561E+00
    8.5999000000E-05    8.0358286509E-02    3.2299772157E+00    7.7665408750E+00    1.1903107488E+00
    8.6499000000E-05    8.0467025664E-02    3.2304767846E+00    7.7757103921E+00    1.1892463313E+00
    8.6999000000E-05    8.0576455067E-02    3.2309698623E+00    7.7849074380E+00    1.1881792934E+00
    8.7499000000E-05    8.0686571353E-02    3.2314563042E+00    7.7941322120E+00    1.1871096886E+00
    8.7999000000E-05    8.0797371191E-02    3.2319366165E+00    7.8033849430E+00    1.1860376416E+00
    8.8499000000E-05    8.0908851410E-02    3.2324112361E+00    7.8126658568E+00    1.1849632703E+00
    8.8999000000E-05    8.1021008918E-02    3.2328807143E+00    7.8219751837E+00    1.1838867050E+00
    8.9499000000E-05    8.1133841379E-02    3.2333461293E+00    7.8313131759E+00    1.1828081308E+00
    8.9999000000E-05    8.1247347843E-02    3.2338087405E+00    7.8406800916E+00    1.1817277532E+00
    9.0499000000E-05    8.1361528315E-02    3.2342682832E+00    7.8500761254E+00    1.1806456216E+00
    9.0999000000E-05    8.1476379954E-02    3.2347212194E+00    7.8595013431E+00    1.1795614484E+00
    9.1499000000E-05    8.1591894696E-02    3.2351639851E+00    7.8689558199E+00    1.1784749446E+00
    9.1999000000E-05    8.1708060704E-02    3.2355966378E+00    7.8784397842E+00    1.1773861932E+00
    9.2499000000E-05    8.1824869819E-02    3.2360248707E+00    7.8879536836E+00    1.1762958534E+00
    9.2999000000E-05    8.1942321161E-02    3.2364537140E+00    7.8974979286E+00    1.1752045159E+00
    9.3499000000E-05    8.2060418690E-02    3.2368838617E+00    7.9070727531E+00    1.1741123306E+00
    9.3999000000E-05    8.2179163691E-02    3.2373114611E+00    7.9166782185E+00    1.1730189872E+00
    9.4499000000E-05    8.2298551920E-02    3.2377332758E+00    7.9263144147E+00    1.1719242402E+00
    9.4999000000E-05    8.2418575423E-02    3.2381486158E+00    7.9359815295E+00    1.1708281034E+00
    9.5499000000E-05    8.2539226623E-02    3.2385587150E+00    7.9456798189E+00    1.1697307857E+00
    9.5999000000E-05    8.2660499541E-02    3.2389646446E+00    7.9554095295E+00    1.1686324812E+00
    9.6499000000E-05    8.2782388962E-02    3.2393664719E+00    7.9651708696E+00    1.1675332848E+00
    9.6999000000E-05    8.2904888827E-02    3.2397636278E+00    7.9749640246E+00    1.1664332290E+00
    9.7499000000E-05    8.3027991908E-02    3.2401557105E+00    7.9847891849E+00    1.1653323646E+00
    9.7999000000E-05    8.3151690798E-02    3.2405436005E+00    7.9946465812E+00    1.1642308702E+00
    9.8499000000E-05    8.3275979312E-02    3.2409287742E+00    8.0045364594E+00    1.1631289843E+00
    9.8999000000E-05    8.3400852606E-02    3.2413123214E+00    8.0144590482E+00    1.1620269078E+00
    9.9499000000E-05    8.3526305940E-02    3.2416939681E+00    8.0244145298E+00    1.1609247094E+00
    9.9999000000E-05    8.3652333672E-02    3.2420731524E+00    8.0344030765E+00    1.1598224313E+00
    1.0049900000E-04    8.3778929395E-02    3.2424497174E+00    8.0444248716E+00    1.1587201569E+00
    1.0099900000E-04    8.3906086675E-02    3.2428240564E+00    8.0544801122E+00    1.1576180235E+00
    1.0149900000E-04    8.4033799300E-02    3.2431965718E+00    8.0645689913E+00    1.1565161710E+00
    1.0199900000E-04    8.4162061145E-02    3.2435675531E+00    8.0746916946E+00    1.1554147291E+00
    1.0249900000E-04    8.4290866041E-02    3.2439372697E+00    8.0848484034E+00    1.1543138268E+00
    1.0299900000E-04    8.4420207819E-02    3.2443059206E+00    8.0950392926E+00    1.1532135879E+00
    1.0349900000E-04    8.4550080157E-02    3.2446733505E+00    8.1052645239E+00    1.1521141056E+00
    1.0399900000E-04    8.4680476371E-02    3.2450393278E+00    8.1155242537E+00    1.1510154684E+00
    1.0449900000E-04    8.4811389449E-02    3.2454039348E+00    8.1258186428E+00    1.1499177950E+00
    1.0499900000E-04    8.4942812425E-02    3.2457676176E+00    8.1361478568E+00    1.1488212382E+00
    1.0549900000E-04    8.5074738561E-02    3.2461308167E+00    8.1465120563E+00    1.1477259515E+00
    1.0599900000E-04    8.5207161240E-02    3.2464937705E+00    8.1569113917E+00    1.1466320716E+00
    1.0649900000E-04    8.5340073753E-02    3.2468566408E+00    8.1673460076E+00    1.1455397295E+00
    1.0699900000E-04    8.5473469260E-02    3.2472196029E+00    8.1778160443E+00    1.1444490590E+00
    1.0749900000E-04    8.5607340874E-02    3.2475829151E+00    8.1883216399E+00    1.1433602026E+00
    1.0799900000E-04    8.5741681800E-02    3.2479469373E+00    8.1988629302E+00    1.1422733128E+00
    1.0849900000E-04    8.5876485343E-02    3.2483118645E+00    8.2094400439E+00    1.1411885278E+00
    1.0899900000E-04    8.6011744651E-02    3.2486775939E+00    8.2200531000E+00    1.1401059616E+00
    1.0949900000E-04    8.6147452544E-02    3.2490440161E+00    8.2307022135E+00    1.1390257314E+00
    1.0999900000E-04    8.6283601774E-02    3.2494114593E+00    8.2413875041E+00    1.1379479961E+00
    1.1049900000E-04    8.6420185327E-02    3.2497803830E+00    8.2521090890E+00    1.1368729255E+00
    1.1099900000E-04    8.6557196154E-02    3.2501507920E+00    8.2628670734E+00    1.1358006395E+00
    1.1149900000E-04    8.6694626496E-02    3.2505224368E+00    8.2736615553E+00    1.1347312309E+00
    1.1199900000E-04    8.6832468089E-02    3.2508957422E+00    8.2844926425E+00    1.1336648749E+00
    1.1249900000E-04    8.6970713933E-02    3.2512723706E+00    8.2953604582E+00    1.1326018985E+00
