 dt=   5.0000000000000004E-006
 s_ind=         126
 steps=     2000000
 zipper=        2000

istep          p0              t0              rout            zout
    2000    0.14041936E+01  0.81202360E+01  0.11606877E+01  0.16182521E+00
    4000    0.14121940E+01  0.81167952E+01  0.11597034E+01  0.16107959E+00
    6000    0.14202014E+01  0.81133776E+01  0.11587078E+01  0.16033985E+00
    8000    0.14282157E+01  0.81099831E+01  0.11577010E+01  0.15960611E+00
   10000    0.14362371E+01  0.81066116E+01  0.11566832E+01  0.15887850E+00
   12000    0.14442657E+01  0.81032629E+01  0.11556544E+01  0.15815716E+00
   14000    0.14523015E+01  0.80999370E+01  0.11546147E+01  0.15744221E+00
   16000    0.14603448E+01  0.80966337E+01  0.11535642E+01  0.15673379E+00
   18000    0.14683955E+01  0.80933528E+01  0.11525031E+01  0.15603204E+00
   20000    0.14764539E+01  0.80900942E+01  0.11514314E+01  0.15533707E+00
   22000    0.14845199E+01  0.80868577E+01  0.11503493E+01  0.15464902E+00
   24000    0.14925937E+01  0.80836433E+01  0.11492568E+01  0.15396802E+00
   26000    0.15006754E+01  0.80804506E+01  0.11481541E+01  0.15329419E+00
   28000    0.15087650E+01  0.80772795E+01  0.11470414E+01  0.15262768E+00
   30000    0.15168628E+01  0.80741298E+01  0.11459186E+01  0.15196860E+00
   32000    0.15249687E+01  0.80710014E+01  0.11447860E+01  0.15131708E+00
   34000    0.15330829E+01  0.80678939E+01  0.11436437E+01  0.15067326E+00
   36000    0.15412055E+01  0.80648072E+01  0.11424918E+01  0.15003725E+00
   38000    0.15493366E+01  0.80617411E+01  0.11413305E+01  0.14940918E+00
   40000    0.15574762E+01  0.80586953E+01  0.11401598E+01  0.14878917E+00
   42000    0.15656245E+01  0.80556696E+01  0.11389800E+01  0.14817736E+00
   44000    0.15737816E+01  0.80526637E+01  0.11377910E+01  0.14757385E+00
   46000    0.15819476E+01  0.80496774E+01  0.11365932E+01  0.14697878E+00
   48000    0.15901225E+01  0.80467104E+01  0.11353866E+01  0.14639225E+00
   50000    0.15983065E+01  0.80437625E+01  0.11341714E+01  0.14581440E+00
   52000    0.16064997E+01  0.80408334E+01  0.11329477E+01  0.14524534E+00
   54000    0.16147021E+01  0.80379228E+01  0.11317157E+01  0.14468518E+00
   56000    0.16229139E+01  0.80350304E+01  0.11304756E+01  0.14413404E+00
   58000    0.16311352E+01  0.80321559E+01  0.11292274E+01  0.14359203E+00
   60000    0.16393660E+01  0.80292992E+01  0.11279713E+01  0.14305927E+00
   62000    0.16476065E+01  0.80264597E+01  0.11267075E+01  0.14253586E+00
   64000    0.16558567E+01  0.80236374E+01  0.11254362E+01  0.14202191E+00
   66000    0.16641167E+01  0.80208317E+01  0.11241575E+01  0.14151753E+00
   68000    0.16723867E+01  0.80180425E+01  0.11228716E+01  0.14102283E+00
   70000    0.16806668E+01  0.80152694E+01  0.11215786E+01  0.14053791E+00
   72000    0.16889569E+01  0.80125121E+01  0.11202788E+01  0.14006287E+00
   74000    0.16972573E+01  0.80097703E+01  0.11189722E+01  0.13959781E+00
   76000    0.17055680E+01  0.80070436E+01  0.11176590E+01  0.13914282E+00
   78000    0.17138891E+01  0.80043317E+01  0.11163395E+01  0.13869801E+00
   80000    0.17222207E+01  0.80016343E+01  0.11150138E+01  0.13826347E+00
   82000    0.17305630E+01  0.79989511E+01  0.11136820E+01  0.13783929E+00
   84000    0.17389159E+01  0.79962816E+01  0.11123444E+01  0.13742556E+00
   86000    0.17472795E+01  0.79936256E+01  0.11110011E+01  0.13702237E+00
   88000    0.17556541E+01  0.79909827E+01  0.11096523E+01  0.13662980E+00
   90000    0.17640396E+01  0.79883526E+01  0.11082982E+01  0.13624794E+00
   92000    0.17724362E+01  0.79857349E+01  0.11069389E+01  0.13587687E+00
   94000    0.17808439E+01  0.79831293E+01  0.11055747E+01  0.13551666E+00
   96000    0.17892628E+01  0.79805354E+01  0.11042057E+01  0.13516740E+00
   98000    0.17976930E+01  0.79779528E+01  0.11028321E+01  0.13482916E+00
  100000    0.18061347E+01  0.79753813E+01  0.11014541E+01  0.13450201E+00
  102000    0.18145878E+01  0.79728204E+01  0.11000719E+01  0.13418603E+00
  104000    0.18230525E+01  0.79702698E+01  0.10986857E+01  0.13388127E+00
  106000    0.18315289E+01  0.79677291E+01  0.10972956E+01  0.13358780E+00
  108000    0.18400170E+01  0.79651980E+01  0.10959019E+01  0.13330569E+00
  110000    0.18485169E+01  0.79626761E+01  0.10945047E+01  0.13303500E+00
  112000    0.18570287E+01  0.79601631E+01  0.10931043E+01  0.13277578E+00
  114000    0.18655525E+01  0.79576586E+01  0.10917007E+01  0.13252809E+00
  116000    0.18740884E+01  0.79551622E+01  0.10902943E+01  0.13229199E+00
  118000    0.18826364E+01  0.79526736E+01  0.10888852E+01  0.13206752E+00
  120000    0.18911966E+01  0.79501924E+01  0.10874736E+01  0.13185473E+00
  122000    0.18997691E+01  0.79477183E+01  0.10860596E+01  0.13165367E+00
  124000    0.19083541E+01  0.79452509E+01  0.10846436E+01  0.13146438E+00
  126000    0.19169514E+01  0.79427898E+01  0.10832256E+01  0.13128690E+00
  128000    0.19255613E+01  0.79403348E+01  0.10818059E+01  0.13112127E+00
  130000    0.19341838E+01  0.79378853E+01  0.10803847E+01  0.13096753E+00
  132000    0.19428189E+01  0.79354412E+01  0.10789621E+01  0.13082570E+00
  134000    0.19514668E+01  0.79330020E+01  0.10775384E+01  0.13069583E+00
  136000    0.19601275E+01  0.79305674E+01  0.10761137E+01  0.13057793E+00
  138000    0.19688011E+01  0.79281370E+01  0.10746883E+01  0.13047203E+00
  140000    0.19774877E+01  0.79257105E+01  0.10732623E+01  0.13037816E+00
  142000    0.19861872E+01  0.79232875E+01  0.10718359E+01  0.13029634E+00
  144000    0.19948998E+01  0.79208678E+01  0.10704094E+01  0.13022658E+00
  146000    0.20036256E+01  0.79184508E+01  0.10689829E+01  0.13016890E+00
  148000    0.20123646E+01  0.79160364E+01  0.10675566E+01  0.13012332E+00
  150000    0.20211168E+01  0.79136242E+01  0.10661308E+01  0.13008985E+00
  152000    0.20298823E+01  0.79112137E+01  0.10647055E+01  0.13006850E+00
  154000    0.20386613E+01  0.79088048E+01  0.10632811E+01  0.13005926E+00
  156000    0.20474537E+01  0.79063970E+01  0.10618576E+01  0.13006215E+00
  158000    0.20562595E+01  0.79039901E+01  0.10604354E+01  0.13007718E+00
  160000    0.20650789E+01  0.79015836E+01  0.10590145E+01  0.13010433E+00
  162000    0.20739120E+01  0.78991773E+01  0.10575952E+01  0.13014360E+00
  164000    0.20827586E+01  0.78967708E+01  0.10561776E+01  0.13019500E+00
  166000    0.20916190E+01  0.78943638E+01  0.10547621E+01  0.13025851E+00
  168000    0.21004931E+01  0.78919560E+01  0.10533486E+01  0.13033412E+00
  170000    0.21093811E+01  0.78895470E+01  0.10519376E+01  0.13042183E+00
  172000    0.21182828E+01  0.78871366E+01  0.10505290E+01  0.13052162E+00
  174000    0.21271985E+01  0.78847244E+01  0.10491232E+01  0.13063347E+00
  176000    0.21361280E+01  0.78823101E+01  0.10477203E+01  0.13075736E+00
  178000    0.21450716E+01  0.78798934E+01  0.10463205E+01  0.13089329E+00
  180000    0.21540291E+01  0.78774739E+01  0.10449240E+01  0.13104121E+00
  182000    0.21630007E+01  0.78750514E+01  0.10435310E+01  0.13120112E+00
  184000    0.21719863E+01  0.78726256E+01  0.10421417E+01  0.13137298E+00
  186000    0.21809861E+01  0.78701960E+01  0.10407562E+01  0.13155677E+00
  188000    0.21900000E+01  0.78677625E+01  0.10393747E+01  0.13175245E+00
  190000    0.21990280E+01  0.78653247E+01  0.10379975E+01  0.13196000E+00
  192000    0.22080703E+01  0.78628823E+01  0.10366247E+01  0.13217937E+00
  194000    0.22171268E+01  0.78604350E+01  0.10352566E+01  0.13241054E+00
  196000    0.22261975E+01  0.78579825E+01  0.10338932E+01  0.13265347E+00
  198000    0.22352825E+01  0.78555245E+01  0.10325347E+01  0.13290812E+00
  200000    0.22443818E+01  0.78530606E+01  0.10311815E+01  0.13317445E+00
  202000    0.22534953E+01  0.78505907E+01  0.10298336E+01  0.13345240E+00
  204000    0.22626232E+01  0.78481143E+01  0.10284912E+01  0.13374195E+00
  206000    0.22717655E+01  0.78456312E+01  0.10271545E+01  0.13404304E+00
  208000    0.22809220E+01  0.78431411E+01  0.10258237E+01  0.13435563E+00
  210000    0.22900929E+01  0.78406437E+01  0.10244989E+01  0.13467966E+00
  212000    0.22992782E+01  0.78381387E+01  0.10231804E+01  0.13501509E+00
  214000    0.23084779E+01  0.78356257E+01  0.10218684E+01  0.13536185E+00
  216000    0.23176919E+01  0.78331045E+01  0.10205629E+01  0.13571991E+00
  218000    0.23269202E+01  0.78305748E+01  0.10192643E+01  0.13608919E+00
  220000    0.23361630E+01  0.78280363E+01  0.10179726E+01  0.13646964E+00
  222000    0.23454201E+01  0.78254887E+01  0.10166880E+01  0.13686121E+00
  224000    0.23546916E+01  0.78229317E+01  0.10154108E+01  0.13726382E+00
  226000    0.23639774E+01  0.78203649E+01  0.10141410E+01  0.13767743E+00
  228000    0.23732775E+01  0.78177882E+01  0.10128789E+01  0.13810195E+00
  230000    0.23825920E+01  0.78152012E+01  0.10116247E+01  0.13853734E+00
  232000    0.23919208E+01  0.78126036E+01  0.10103785E+01  0.13898352E+00
  234000    0.24012639E+01  0.78099950E+01  0.10091405E+01  0.13944042E+00
  236000    0.24106212E+01  0.78073754E+01  0.10079108E+01  0.13990797E+00
  238000    0.24199928E+01  0.78047442E+01  0.10066897E+01  0.14038610E+00
  240000    0.24293787E+01  0.78021013E+01  0.10054773E+01  0.14087474E+00
  242000    0.24387787E+01  0.77994463E+01  0.10042737E+01  0.14137381E+00
  244000    0.24481929E+01  0.77967790E+01  0.10030792E+01  0.14188324E+00
  246000    0.24576212E+01  0.77940990E+01  0.10018940E+01  0.14240294E+00
  248000    0.24670636E+01  0.77914061E+01  0.10007181E+01  0.14293285E+00
  250000    0.24765201E+01  0.77887000E+01  0.99955174E+00  0.14347287E+00
  252000    0.24859906E+01  0.77859803E+01  0.99839512E+00  0.14402293E+00
  254000    0.24954751E+01  0.77832469E+01  0.99724838E+00  0.14458294E+00
  256000    0.25049735E+01  0.77804994E+01  0.99611168E+00  0.14515283E+00
  258000    0.25144858E+01  0.77777376E+01  0.99498520E+00  0.14573249E+00
  260000    0.25240119E+01  0.77749612E+01  0.99386908E+00  0.14632185E+00
  262000    0.25335519E+01  0.77721698E+01  0.99276349E+00  0.14692081E+00
  264000    0.25431055E+01  0.77693633E+01  0.99166860E+00  0.14752929E+00
  266000    0.25526728E+01  0.77665413E+01  0.99058455E+00  0.14814720E+00
  268000    0.25622537E+01  0.77637036E+01  0.98951151E+00  0.14877443E+00
  270000    0.25718482E+01  0.77608500E+01  0.98844963E+00  0.14941090E+00
  272000    0.25814561E+01  0.77579802E+01  0.98739906E+00  0.15005650E+00
  274000    0.25910775E+01  0.77550939E+01  0.98635996E+00  0.15071115E+00
  276000    0.26007122E+01  0.77521908E+01  0.98533247E+00  0.15137474E+00
  278000    0.26103601E+01  0.77492709E+01  0.98431675E+00  0.15204717E+00
  280000    0.26200212E+01  0.77463337E+01  0.98331295E+00  0.15272834E+00
  282000    0.26296954E+01  0.77433792E+01  0.98232121E+00  0.15341815E+00
  284000    0.26393827E+01  0.77404070E+01  0.98134167E+00  0.15411649E+00
  286000    0.26490828E+01  0.77374170E+01  0.98037447E+00  0.15482326E+00
  288000    0.26587958E+01  0.77344089E+01  0.97941976E+00  0.15553835E+00
  290000    0.26685216E+01  0.77313826E+01  0.97847767E+00  0.15626165E+00
  292000    0.26782600E+01  0.77283379E+01  0.97754833E+00  0.15699305E+00
  294000    0.26880110E+01  0.77252746E+01  0.97663189E+00  0.15773245E+00
  296000    0.26977745E+01  0.77221926E+01  0.97572846E+00  0.15847972E+00
  298000    0.27075503E+01  0.77190917E+01  0.97483818E+00  0.15923475E+00
  300000    0.27173384E+01  0.77159717E+01  0.97396118E+00  0.15999744E+00
  302000    0.27271386E+01  0.77128325E+01  0.97309757E+00  0.16076766E+00
  304000    0.27369509E+01  0.77096740E+01  0.97224748E+00  0.16154529E+00
  306000    0.27467751E+01  0.77064962E+01  0.97141101E+00  0.16233022E+00
  308000    0.27566111E+01  0.77032988E+01  0.97058829E+00  0.16312233E+00
  310000    0.27664588E+01  0.77000819E+01  0.96977943E+00  0.16392150E+00
  312000    0.27763181E+01  0.76968453E+01  0.96898453E+00  0.16472760E+00
  314000    0.27861888E+01  0.76935891E+01  0.96820370E+00  0.16554051E+00
  316000    0.27960708E+01  0.76903132E+01  0.96743704E+00  0.16636011E+00
  318000    0.28059641E+01  0.76870175E+01  0.96668464E+00  0.16718627E+00
  320000    0.28158684E+01  0.76837022E+01  0.96594660E+00  0.16801887E+00
  322000    0.28257837E+01  0.76803671E+01  0.96522301E+00  0.16885779E+00
  324000    0.28357097E+01  0.76770124E+01  0.96451396E+00  0.16970288E+00
  326000    0.28456465E+01  0.76736381E+01  0.96381953E+00  0.17055403E+00
  328000    0.28555937E+01  0.76702442E+01  0.96313979E+00  0.17141110E+00
  330000    0.28655513E+01  0.76668309E+01  0.96247482E+00  0.17227397E+00
  332000    0.28755192E+01  0.76633983E+01  0.96182470E+00  0.17314250E+00
  334000    0.28854971E+01  0.76599464E+01  0.96118949E+00  0.17401657E+00
  336000    0.28954850E+01  0.76564755E+01  0.96056925E+00  0.17489603E+00
  338000    0.29054827E+01  0.76529857E+01  0.95996405E+00  0.17578077E+00
  340000    0.29154900E+01  0.76494772E+01  0.95937393E+00  0.17667064E+00
  342000    0.29255068E+01  0.76459502E+01  0.95879895E+00  0.17756552E+00
  344000    0.29355330E+01  0.76424049E+01  0.95823916E+00  0.17846527E+00
  346000    0.29455682E+01  0.76388416E+01  0.95769459E+00  0.17936976E+00
  348000    0.29556125E+01  0.76352605E+01  0.95716529E+00  0.18027885E+00
  350000    0.29656657E+01  0.76316619E+01  0.95665128E+00  0.18119241E+00
  352000    0.29757275E+01  0.76280462E+01  0.95615260E+00  0.18211031E+00
  354000    0.29857978E+01  0.76244135E+01  0.95566928E+00  0.18303241E+00
  356000    0.29958765E+01  0.76207643E+01  0.95520134E+00  0.18395859E+00
  358000    0.30059633E+01  0.76170989E+01  0.95474879E+00  0.18488870E+00
  360000    0.30160581E+01  0.76134178E+01  0.95431165E+00  0.18582262E+00
  362000    0.30261608E+01  0.76097212E+01  0.95388992E+00  0.18676021E+00
  364000    0.30362711E+01  0.76060095E+01  0.95348363E+00  0.18770134E+00
  366000    0.30463889E+01  0.76022833E+01  0.95309276E+00  0.18864589E+00
  368000    0.30565140E+01  0.75985429E+01  0.95271731E+00  0.18959371E+00
  370000    0.30666462E+01  0.75947888E+01  0.95235729E+00  0.19054468E+00
  372000    0.30767854E+01  0.75910215E+01  0.95201268E+00  0.19149867E+00
  374000    0.30869313E+01  0.75872414E+01  0.95168347E+00  0.19245556E+00
  376000    0.30970838E+01  0.75834489E+01  0.95136965E+00  0.19341521E+00
  378000    0.31072427E+01  0.75796447E+01  0.95107120E+00  0.19437749E+00
  380000    0.31174078E+01  0.75758292E+01  0.95078810E+00  0.19534229E+00
  382000    0.31275789E+01  0.75720029E+01  0.95052033E+00  0.19630947E+00
  384000    0.31377559E+01  0.75681664E+01  0.95026786E+00  0.19727892E+00
  386000    0.31479385E+01  0.75643201E+01  0.95003066E+00  0.19825051E+00
  388000    0.31581266E+01  0.75604647E+01  0.94980871E+00  0.19922411E+00
  390000    0.31683200E+01  0.75566006E+01  0.94960197E+00  0.20019962E+00
  392000    0.31785184E+01  0.75527284E+01  0.94941040E+00  0.20117690E+00
  394000    0.31887218E+01  0.75488486E+01  0.94923398E+00  0.20215585E+00
  396000    0.31989298E+01  0.75449618E+01  0.94907267E+00  0.20313634E+00
  398000    0.32091424E+01  0.75410685E+01  0.94892642E+00  0.20411825E+00
  400000    0.32193593E+01  0.75371693E+01  0.94879520E+00  0.20510149E+00
  402000    0.32295803E+01  0.75332647E+01  0.94867896E+00  0.20608593E+00
  404000    0.32398052E+01  0.75293552E+01  0.94857767E+00  0.20707145E+00
  406000    0.32500339E+01  0.75254414E+01  0.94849129E+00  0.20805796E+00
  408000    0.32602662E+01  0.75215237E+01  0.94841977E+00  0.20904534E+00
  410000    0.32705018E+01  0.75176028E+01  0.94836307E+00  0.21003349E+00
  412000    0.32807405E+01  0.75136791E+01  0.94832114E+00  0.21102229E+00
  414000    0.32909822E+01  0.75097531E+01  0.94829396E+00  0.21201164E+00
  416000    0.33012267E+01  0.75058252E+01  0.94828146E+00  0.21300145E+00
  418000    0.33114738E+01  0.75018961E+01  0.94828363E+00  0.21399160E+00
  420000    0.33217232E+01  0.74979660E+01  0.94830040E+00  0.21498199E+00
  422000    0.33319748E+01  0.74940356E+01  0.94833175E+00  0.21597253E+00
  424000    0.33422284E+01  0.74901051E+01  0.94837764E+00  0.21696311E+00
  426000    0.33524838E+01  0.74861751E+01  0.94843802E+00  0.21795364E+00
  428000    0.33627408E+01  0.74822459E+01  0.94851287E+00  0.21894402E+00
  430000    0.33729992E+01  0.74783179E+01  0.94860215E+00  0.21993415E+00
  432000    0.33832588E+01  0.74743915E+01  0.94870582E+00  0.22092394E+00
  434000    0.33935194E+01  0.74704670E+01  0.94882385E+00  0.22191329E+00
  436000    0.34037808E+01  0.74665447E+01  0.94895623E+00  0.22290210E+00
  438000    0.34140428E+01  0.74626251E+01  0.94910290E+00  0.22389030E+00
  440000    0.34243052E+01  0.74587083E+01  0.94926386E+00  0.22487777E+00
  442000    0.34345678E+01  0.74547946E+01  0.94943908E+00  0.22586443E+00
  444000    0.34448304E+01  0.74508843E+01  0.94962853E+00  0.22685020E+00
  446000    0.34550929E+01  0.74469777E+01  0.94983220E+00  0.22783497E+00
  448000    0.34653550E+01  0.74430748E+01  0.95005006E+00  0.22881865E+00
  450000    0.34756165E+01  0.74391760E+01  0.95028211E+00  0.22980116E+00
  452000    0.34858772E+01  0.74352814E+01  0.95052833E+00  0.23078241E+00
  454000    0.34961370E+01  0.74313911E+01  0.95078870E+00  0.23176230E+00
  456000    0.35063956E+01  0.74275053E+01  0.95106323E+00  0.23274074E+00
  458000    0.35166529E+01  0.74236241E+01  0.95135189E+00  0.23371765E+00
  460000    0.35269086E+01  0.74197475E+01  0.95165469E+00  0.23469293E+00
  462000    0.35371626E+01  0.74158757E+01  0.95197163E+00  0.23566650E+00
  464000    0.35474146E+01  0.74120087E+01  0.95230270E+00  0.23663826E+00
  466000    0.35576644E+01  0.74081466E+01  0.95264790E+00  0.23760812E+00
  468000    0.35679120E+01  0.74042893E+01  0.95300724E+00  0.23857600E+00
  470000    0.35781569E+01  0.74004368E+01  0.95338072E+00  0.23954179E+00
  472000    0.35883992E+01  0.73965892E+01  0.95376835E+00  0.24050541E+00
  474000    0.35986385E+01  0.73927464E+01  0.95417013E+00  0.24146677E+00
  476000    0.36088748E+01  0.73889083E+01  0.95458608E+00  0.24242577E+00
  478000    0.36191077E+01  0.73850749E+01  0.95501620E+00  0.24338231E+00
  480000    0.36293371E+01  0.73812461E+01  0.95546052E+00  0.24433632E+00
  482000    0.36395628E+01  0.73774218E+01  0.95591903E+00  0.24528768E+00
  484000    0.36497846E+01  0.73736020E+01  0.95639177E+00  0.24623631E+00
  486000    0.36600023E+01  0.73697864E+01  0.95687873E+00  0.24718211E+00
  488000    0.36702157E+01  0.73659750E+01  0.95737995E+00  0.24812498E+00
  490000    0.36804247E+01  0.73621676E+01  0.95789543E+00  0.24906483E+00
  492000    0.36906290E+01  0.73583641E+01  0.95842519E+00  0.25000155E+00
  494000    0.37008284E+01  0.73545644E+01  0.95896925E+00  0.25093505E+00
  496000    0.37110228E+01  0.73507682E+01  0.95952764E+00  0.25186523E+00
  498000    0.37212119E+01  0.73469754E+01  0.96010036E+00  0.25279198E+00
  500000    0.37313956E+01  0.73431857E+01  0.96068744E+00  0.25371521E+00
  502000    0.37415738E+01  0.73393992E+01  0.96128890E+00  0.25463482E+00
  504000    0.37517460E+01  0.73356154E+01  0.96190475E+00  0.25555069E+00
  506000    0.37619123E+01  0.73318344E+01  0.96253501E+00  0.25646273E+00
  508000    0.37720725E+01  0.73280557E+01  0.96317970E+00  0.25737083E+00
  510000    0.37822262E+01  0.73242794E+01  0.96383884E+00  0.25827489E+00
  512000    0.37923734E+01  0.73205051E+01  0.96451244E+00  0.25917480E+00
  514000    0.38025139E+01  0.73167327E+01  0.96520052E+00  0.26007045E+00
  516000    0.38126474E+01  0.73129619E+01  0.96590309E+00  0.26096174E+00
  518000    0.38227738E+01  0.73091926E+01  0.96662017E+00  0.26184856E+00
  520000    0.38328929E+01  0.73054246E+01  0.96735176E+00  0.26273079E+00
  522000    0.38430046E+01  0.73016577E+01  0.96809788E+00  0.26360833E+00
  524000    0.38531086E+01  0.72978917E+01  0.96885853E+00  0.26448108E+00
  526000    0.38632048E+01  0.72941264E+01  0.96963373E+00  0.26534891E+00
  528000    0.38732929E+01  0.72903616E+01  0.97042347E+00  0.26621171E+00
  530000    0.38833729E+01  0.72865972E+01  0.97122777E+00  0.26706939E+00
  532000    0.38934445E+01  0.72828329E+01  0.97204662E+00  0.26792181E+00
  534000    0.39035076E+01  0.72790687E+01  0.97288003E+00  0.26876888E+00
  536000    0.39135620E+01  0.72753042E+01  0.97372799E+00  0.26961047E+00
  538000    0.39236074E+01  0.72715395E+01  0.97459049E+00  0.27044648E+00
  540000    0.39336439E+01  0.72677743E+01  0.97546754E+00  0.27127678E+00
  542000    0.39436710E+01  0.72640084E+01  0.97635912E+00  0.27210128E+00
  544000    0.39536888E+01  0.72602419E+01  0.97726522E+00  0.27291985E+00
  546000    0.39636971E+01  0.72564744E+01  0.97818583E+00  0.27373238E+00
  548000    0.39736956E+01  0.72527059E+01  0.97912093E+00  0.27453875E+00
  550000    0.39836842E+01  0.72489363E+01  0.98007051E+00  0.27533885E+00
  552000    0.39936627E+01  0.72451655E+01  0.98103453E+00  0.27613257E+00
  554000    0.40036311E+01  0.72413934E+01  0.98201299E+00  0.27691979E+00
  556000    0.40135890E+01  0.72376199E+01  0.98300584E+00  0.27770040E+00
  558000    0.40235365E+01  0.72338448E+01  0.98401307E+00  0.27847429E+00
  560000    0.40334732E+01  0.72300682E+01  0.98503464E+00  0.27924134E+00
  562000    0.40433991E+01  0.72262900E+01  0.98607052E+00  0.28000143E+00
  564000    0.40533140E+01  0.72225101E+01  0.98712066E+00  0.28075446E+00
  566000    0.40632178E+01  0.72187285E+01  0.98818504E+00  0.28150032E+00
  568000    0.40731102E+01  0.72149452E+01  0.98926360E+00  0.28223888E+00
  570000    0.40829913E+01  0.72111600E+01  0.99035630E+00  0.28297004E+00
  572000    0.40928607E+01  0.72073730E+01  0.99146309E+00  0.28369369E+00
  574000    0.41027184E+01  0.72035843E+01  0.99258392E+00  0.28440972E+00
  576000    0.41125642E+01  0.71997937E+01  0.99371874E+00  0.28511801E+00
  578000    0.41223981E+01  0.71960013E+01  0.99486748E+00  0.28581846E+00
  580000    0.41322197E+01  0.71922071E+01  0.99603010E+00  0.28651095E+00
  582000    0.41420291E+01  0.71884112E+01  0.99720651E+00  0.28719539E+00
  584000    0.41518261E+01  0.71846135E+01  0.99839667E+00  0.28787166E+00
  586000    0.41616106E+01  0.71808142E+01  0.99960050E+00  0.28853966E+00
  588000    0.41713823E+01  0.71770132E+01  0.10008179E+01  0.28919927E+00
  590000    0.41811413E+01  0.71732107E+01  0.10020489E+01  0.28985041E+00
  592000    0.41908873E+01  0.71694066E+01  0.10032933E+01  0.29049295E+00
  594000    0.42006203E+01  0.71656012E+01  0.10045510E+01  0.29112681E+00
  596000    0.42103402E+01  0.71617944E+01  0.10058221E+01  0.29175187E+00
  598000    0.42200467E+01  0.71579863E+01  0.10071064E+01  0.29236804E+00
  600000    0.42297399E+01  0.71541771E+01  0.10084037E+01  0.29297522E+00
  602000    0.42394195E+01  0.71503669E+01  0.10097141E+01  0.29357331E+00
  604000    0.42490855E+01  0.71465558E+01  0.10110374E+01  0.29416221E+00
  606000    0.42587378E+01  0.71427438E+01  0.10123736E+01  0.29474182E+00
  608000    0.42683763E+01  0.71389312E+01  0.10137225E+01  0.29531206E+00
  610000    0.42780008E+01  0.71351181E+01  0.10150840E+01  0.29587283E+00
  612000    0.42876113E+01  0.71313046E+01  0.10164580E+01  0.29642403E+00
  614000    0.42972077E+01  0.71274909E+01  0.10178445E+01  0.29696558E+00
  616000    0.43067898E+01  0.71236771E+01  0.10192433E+01  0.29749738E+00
  618000    0.43163576E+01  0.71198633E+01  0.10206543E+01  0.29801935E+00
  620000    0.43259110E+01  0.71160499E+01  0.10220773E+01  0.29853141E+00
  622000    0.43354499E+01  0.71122368E+01  0.10235124E+01  0.29903345E+00
  624000    0.43449743E+01  0.71084244E+01  0.10249593E+01  0.29952541E+00
  626000    0.43544839E+01  0.71046128E+01  0.10264179E+01  0.30000720E+00
  628000    0.43639788E+01  0.71008022E+01  0.10278882E+01  0.30047874E+00
  630000    0.43734588E+01  0.70969928E+01  0.10293699E+01  0.30093995E+00
  632000    0.43829240E+01  0.70931847E+01  0.10308630E+01  0.30139076E+00
  634000    0.43923742E+01  0.70893783E+01  0.10323674E+01  0.30183108E+00
  636000    0.44018093E+01  0.70855736E+01  0.10338828E+01  0.30226084E+00
  638000    0.44112293E+01  0.70817710E+01  0.10354092E+01  0.30267997E+00
  640000    0.44206341E+01  0.70779706E+01  0.10369465E+01  0.30308840E+00
  642000    0.44300237E+01  0.70741727E+01  0.10384945E+01  0.30348607E+00
  644000    0.44393980E+01  0.70703775E+01  0.10400530E+01  0.30387289E+00
  646000    0.44487569E+01  0.70665851E+01  0.10416219E+01  0.30424881E+00
  648000    0.44581003E+01  0.70627959E+01  0.10432011E+01  0.30461376E+00
  650000    0.44674283E+01  0.70590101E+01  0.10447905E+01  0.30496767E+00
  652000    0.44767408E+01  0.70552278E+01  0.10463898E+01  0.30531050E+00
  654000    0.44860377E+01  0.70514495E+01  0.10479990E+01  0.30564217E+00
  656000    0.44953190E+01  0.70476751E+01  0.10496179E+01  0.30596263E+00
  658000    0.45045846E+01  0.70439051E+01  0.10512464E+01  0.30627183E+00
  660000    0.45138346E+01  0.70401397E+01  0.10528842E+01  0.30656970E+00
  662000    0.45230687E+01  0.70363790E+01  0.10545313E+01  0.30685620E+00
  664000    0.45322871E+01  0.70326234E+01  0.10561875E+01  0.30713128E+00
  666000    0.45414897E+01  0.70288730E+01  0.10578526E+01  0.30739488E+00
  668000    0.45506765E+01  0.70251282E+01  0.10595265E+01  0.30764696E+00
  670000    0.45598473E+01  0.70213891E+01  0.10612091E+01  0.30788748E+00
  672000    0.45690023E+01  0.70176560E+01  0.10629001E+01  0.30811638E+00
  674000    0.45781414E+01  0.70139291E+01  0.10645994E+01  0.30833362E+00
  676000    0.45872645E+01  0.70102087E+01  0.10663069E+01  0.30853917E+00
  678000    0.45963716E+01  0.70064950E+01  0.10680224E+01  0.30873297E+00
  680000    0.46054627E+01  0.70027882E+01  0.10697458E+01  0.30891501E+00
  682000    0.46145379E+01  0.69990886E+01  0.10714768E+01  0.30908523E+00
  684000    0.46235970E+01  0.69953963E+01  0.10732153E+01  0.30924360E+00
  686000    0.46326401E+01  0.69917117E+01  0.10749613E+01  0.30939009E+00
  688000    0.46416672E+01  0.69880349E+01  0.10767144E+01  0.30952466E+00
  690000    0.46506782E+01  0.69843661E+01  0.10784745E+01  0.30964728E+00
  692000    0.46596732E+01  0.69807056E+01  0.10802415E+01  0.30975793E+00
  694000    0.46686522E+01  0.69770535E+01  0.10820152E+01  0.30985658E+00
  696000    0.46776151E+01  0.69734102E+01  0.10837955E+01  0.30994319E+00
  698000    0.46865619E+01  0.69697757E+01  0.10855822E+01  0.31001774E+00
  700000    0.46954927E+01  0.69661503E+01  0.10873751E+01  0.31008021E+00
  702000    0.47044075E+01  0.69625341E+01  0.10891740E+01  0.31013057E+00
  704000    0.47133063E+01  0.69589274E+01  0.10909789E+01  0.31016880E+00
  706000    0.47221890E+01  0.69553304E+01  0.10927895E+01  0.31019488E+00
  708000    0.47310557E+01  0.69517431E+01  0.10946057E+01  0.31020879E+00
  710000    0.47399065E+01  0.69481659E+01  0.10964273E+01  0.31021051E+00
  712000    0.47487412E+01  0.69445988E+01  0.10982541E+01  0.31020002E+00
  714000    0.47575600E+01  0.69410420E+01  0.11000861E+01  0.31017730E+00
  716000    0.47663629E+01  0.69374957E+01  0.11019229E+01  0.31014233E+00
  718000    0.47751498E+01  0.69339600E+01  0.11037646E+01  0.31009511E+00
  720000    0.47839208E+01  0.69304351E+01  0.11056109E+01  0.31003561E+00
  722000    0.47926760E+01  0.69269211E+01  0.11074616E+01  0.30996383E+00
  724000    0.48014153E+01  0.69234180E+01  0.11093166E+01  0.30987975E+00
  726000    0.48101388E+01  0.69199262E+01  0.11111758E+01  0.30978335E+00
  728000    0.48188465E+01  0.69164456E+01  0.11130389E+01  0.30967463E+00
  730000    0.48275384E+01  0.69129764E+01  0.11149059E+01  0.30955357E+00
  732000    0.48362146E+01  0.69095187E+01  0.11167765E+01  0.30942017E+00
  734000    0.48448751E+01  0.69060726E+01  0.11186507E+01  0.30927441E+00
  736000    0.48535199E+01  0.69026382E+01  0.11205282E+01  0.30911628E+00
  738000    0.48621491E+01  0.68992155E+01  0.11224089E+01  0.30894578E+00
  740000    0.48707628E+01  0.68958047E+01  0.11242927E+01  0.30876290E+00
  742000    0.48793608E+01  0.68924057E+01  0.11261793E+01  0.30856763E+00
  744000    0.48879434E+01  0.68890188E+01  0.11280687E+01  0.30835996E+00
  746000    0.48965105E+01  0.68856439E+01  0.11299607E+01  0.30813989E+00
  748000    0.49050622E+01  0.68822811E+01  0.11318552E+01  0.30790741E+00
  750000    0.49135985E+01  0.68789305E+01  0.11337520E+01  0.30766251E+00
  752000    0.49221195E+01  0.68755920E+01  0.11356509E+01  0.30740519E+00
  754000    0.49306251E+01  0.68722658E+01  0.11375518E+01  0.30713545E+00
  756000    0.49391156E+01  0.68689518E+01  0.11394546E+01  0.30685327E+00
  758000    0.49475909E+01  0.68656501E+01  0.11413590E+01  0.30655865E+00
  760000    0.49560510E+01  0.68623606E+01  0.11432651E+01  0.30625160E+00
  762000    0.49644960E+01  0.68590835E+01  0.11451725E+01  0.30593209E+00
  764000    0.49729261E+01  0.68558186E+01  0.11470813E+01  0.30560014E+00
  766000    0.49813411E+01  0.68525661E+01  0.11489912E+01  0.30525573E+00
  768000    0.49897412E+01  0.68493258E+01  0.11509020E+01  0.30489886E+00
  770000    0.49981265E+01  0.68460978E+01  0.11528138E+01  0.30452953E+00
  772000    0.50064969E+01  0.68428821E+01  0.11547262E+01  0.30414774E+00
  774000    0.50148526E+01  0.68396786E+01  0.11566392E+01  0.30375347E+00
  776000    0.50231936E+01  0.68364873E+01  0.11585527E+01  0.30334674E+00
  778000    0.50315199E+01  0.68333081E+01  0.11604664E+01  0.30292753E+00
  780000    0.50398317E+01  0.68301411E+01  0.11623803E+01  0.30249584E+00
  782000    0.50481290E+01  0.68269862E+01  0.11642943E+01  0.30205166E+00
  784000    0.50564118E+01  0.68238433E+01  0.11662081E+01  0.30159501E+00
  786000    0.50646803E+01  0.68207124E+01  0.11681217E+01  0.30112586E+00
  788000    0.50729344E+01  0.68175934E+01  0.11700349E+01  0.30064423E+00
  790000    0.50811743E+01  0.68144862E+01  0.11719476E+01  0.30015010E+00
  792000    0.50893999E+01  0.68113908E+01  0.11738597E+01  0.29964348E+00
  794000    0.50976115E+01  0.68083071E+01  0.11757710E+01  0.29912435E+00
  796000    0.51058090E+01  0.68052351E+01  0.11776814E+01  0.29859273E+00
  798000    0.51139924E+01  0.68021746E+01  0.11795908E+01  0.29804860E+00
  800000    0.51221620E+01  0.67991256E+01  0.11814990E+01  0.29749197E+00
  802000    0.51303177E+01  0.67960879E+01  0.11834059E+01  0.29692282E+00
  804000    0.51384596E+01  0.67930615E+01  0.11853114E+01  0.29634116E+00
  806000    0.51465878E+01  0.67900463E+01  0.11872154E+01  0.29574699E+00
  808000    0.51547024E+01  0.67870422E+01  0.11891177E+01  0.29514030E+00
  810000    0.51628034E+01  0.67840491E+01  0.11910182E+01  0.29452109E+00
  812000    0.51708908E+01  0.67810668E+01  0.11929168E+01  0.29388936E+00
  814000    0.51789649E+01  0.67780953E+01  0.11948133E+01  0.29324511E+00
  816000    0.51870255E+01  0.67751344E+01  0.11967076E+01  0.29258832E+00
  818000    0.51950729E+01  0.67721841E+01  0.11985997E+01  0.29191901E+00
  820000    0.52031071E+01  0.67692442E+01  0.12004894E+01  0.29123717E+00
  822000    0.52111281E+01  0.67663146E+01  0.12023765E+01  0.29054280E+00
  824000    0.52191361E+01  0.67633951E+01  0.12042609E+01  0.28983589E+00
  826000    0.52271310E+01  0.67604857E+01  0.12061426E+01  0.28911644E+00
  828000    0.52351131E+01  0.67575862E+01  0.12080213E+01  0.28838445E+00
  830000    0.52430823E+01  0.67546965E+01  0.12098970E+01  0.28763993E+00
  832000    0.52510387E+01  0.67518164E+01  0.12117696E+01  0.28688286E+00
  834000    0.52589824E+01  0.67489459E+01  0.12136389E+01  0.28611325E+00
  836000    0.52669136E+01  0.67460847E+01  0.12155049E+01  0.28533109E+00
  838000    0.52748321E+01  0.67432327E+01  0.12173673E+01  0.28453639E+00
  840000    0.52827383E+01  0.67403899E+01  0.12192261E+01  0.28372914E+00
  842000    0.52906320E+01  0.67375560E+01  0.12210811E+01  0.28290934E+00
  844000    0.52985134E+01  0.67347309E+01  0.12229323E+01  0.28207700E+00
  846000    0.53063826E+01  0.67319145E+01  0.12247795E+01  0.28123211E+00
  848000    0.53142397E+01  0.67291066E+01  0.12266226E+01  0.28037468E+00
  850000    0.53220846E+01  0.67263070E+01  0.12284615E+01  0.27950470E+00
  852000    0.53299176E+01  0.67235157E+01  0.12302960E+01  0.27862217E+00
  854000    0.53377387E+01  0.67207325E+01  0.12321261E+01  0.27772709E+00
  856000    0.53455479E+01  0.67179572E+01  0.12339516E+01  0.27681948E+00
  858000    0.53533453E+01  0.67151897E+01  0.12357725E+01  0.27589932E+00
  860000    0.53611311E+01  0.67124297E+01  0.12375885E+01  0.27496662E+00
  862000    0.53689053E+01  0.67096773E+01  0.12393996E+01  0.27402138E+00
  864000    0.53766679E+01  0.67069322E+01  0.12412057E+01  0.27306361E+00
  866000    0.53844191E+01  0.67041942E+01  0.12430066E+01  0.27209331E+00
  868000    0.53921590E+01  0.67014632E+01  0.12448022E+01  0.27111049E+00
  870000    0.53998875E+01  0.66987391E+01  0.12465925E+01  0.27011514E+00
  872000    0.54076049E+01  0.66960217E+01  0.12483772E+01  0.26910727E+00
  874000    0.54153111E+01  0.66933109E+01  0.12501563E+01  0.26808689E+00
  876000    0.54230063E+01  0.66906064E+01  0.12519297E+01  0.26705401E+00
  878000    0.54306906E+01  0.66879082E+01  0.12536973E+01  0.26600862E+00
  880000    0.54383639E+01  0.66852161E+01  0.12554588E+01  0.26495074E+00
  882000    0.54460265E+01  0.66825299E+01  0.12572143E+01  0.26388038E+00
  884000    0.54536783E+01  0.66798494E+01  0.12589636E+01  0.26279754E+00
  886000    0.54613195E+01  0.66771746E+01  0.12607065E+01  0.26170223E+00
  888000    0.54689501E+01  0.66745053E+01  0.12624430E+01  0.26059447E+00
  890000    0.54765703E+01  0.66718413E+01  0.12641730E+01  0.25947426E+00
  892000    0.54841801E+01  0.66691825E+01  0.12658963E+01  0.25834161E+00
  894000    0.54917795E+01  0.66665287E+01  0.12676128E+01  0.25719654E+00
  896000    0.54993687E+01  0.66638798E+01  0.12693224E+01  0.25603906E+00
  898000    0.55069478E+01  0.66612356E+01  0.12710250E+01  0.25486919E+00
  900000    0.55145168E+01  0.66585960E+01  0.12727205E+01  0.25368693E+00
  902000    0.55220758E+01  0.66559608E+01  0.12744087E+01  0.25249230E+00
  904000    0.55296249E+01  0.66533299E+01  0.12760896E+01  0.25128533E+00
  906000    0.55371642E+01  0.66507032E+01  0.12777630E+01  0.25006602E+00
  908000    0.55446937E+01  0.66480804E+01  0.12794287E+01  0.24883439E+00
  910000    0.55522136E+01  0.66454615E+01  0.12810868E+01  0.24759047E+00
  912000    0.55597239E+01  0.66428463E+01  0.12827370E+01  0.24633428E+00
  914000    0.55672247E+01  0.66402347E+01  0.12843793E+01  0.24506583E+00
  916000    0.55747161E+01  0.66376265E+01  0.12860135E+01  0.24378515E+00
  918000    0.55821981E+01  0.66350216E+01  0.12876395E+01  0.24249226E+00
  920000    0.55896709E+01  0.66324199E+01  0.12892573E+01  0.24118719E+00
  922000    0.55971345E+01  0.66298212E+01  0.12908666E+01  0.23986996E+00
  924000    0.56045890E+01  0.66272255E+01  0.12924674E+01  0.23854060E+00
  926000    0.56120345E+01  0.66246324E+01  0.12940595E+01  0.23719914E+00
  928000    0.56194711E+01  0.66220421E+01  0.12956428E+01  0.23584561E+00
  930000    0.56268988E+01  0.66194542E+01  0.12972173E+01  0.23448003E+00
  932000    0.56343177E+01  0.66168687E+01  0.12987828E+01  0.23310244E+00
  934000    0.56417280E+01  0.66142855E+01  0.13003391E+01  0.23171287E+00
  936000    0.56491297E+01  0.66117044E+01  0.13018863E+01  0.23031136E+00
  938000    0.56565229E+01  0.66091253E+01  0.13034240E+01  0.22889795E+00
  940000    0.56639076E+01  0.66065481E+01  0.13049523E+01  0.22747266E+00
  942000    0.56712839E+01  0.66039728E+01  0.13064710E+01  0.22603554E+00
  944000    0.56786520E+01  0.66013990E+01  0.13079800E+01  0.22458662E+00
  946000    0.56860119E+01  0.65988269E+01  0.13094792E+01  0.22312596E+00
  948000    0.56933637E+01  0.65962562E+01  0.13109685E+01  0.22165358E+00
  950000    0.57007074E+01  0.65936868E+01  0.13124477E+01  0.22016955E+00
  952000    0.57080432E+01  0.65911186E+01  0.13139167E+01  0.21867389E+00
  954000    0.57153712E+01  0.65885516E+01  0.13153754E+01  0.21716666E+00
  956000    0.57226913E+01  0.65859856E+01  0.13168237E+01  0.21564791E+00
  958000    0.57300037E+01  0.65834206E+01  0.13182616E+01  0.21411768E+00
  960000    0.57373086E+01  0.65808563E+01  0.13196887E+01  0.21257604E+00
  962000    0.57446058E+01  0.65782928E+01  0.13211052E+01  0.21102302E+00
  964000    0.57518957E+01  0.65757299E+01  0.13225107E+01  0.20945869E+00
  966000    0.57591781E+01  0.65731676E+01  0.13239053E+01  0.20788310E+00
  968000    0.57664532E+01  0.65706057E+01  0.13252888E+01  0.20629631E+00
  970000    0.57737211E+01  0.65680442E+01  0.13266610E+01  0.20469839E+00
  972000    0.57809819E+01  0.65654830E+01  0.13280219E+01  0.20308938E+00
  974000    0.57882357E+01  0.65629219E+01  0.13293714E+01  0.20146936E+00
  976000    0.57954824E+01  0.65603610E+01  0.13307094E+01  0.19983838E+00
  978000    0.58027223E+01  0.65578001E+01  0.13320356E+01  0.19819652E+00
  980000    0.58099554E+01  0.65552392E+01  0.13333501E+01  0.19654384E+00
  982000    0.58171817E+01  0.65526782E+01  0.13346527E+01  0.19488041E+00
  984000    0.58244014E+01  0.65501170E+01  0.13359433E+01  0.19320630E+00
  986000    0.58316145E+01  0.65475556E+01  0.13372217E+01  0.19152159E+00
  988000    0.58388211E+01  0.65449938E+01  0.13384880E+01  0.18982634E+00
  990000    0.58460214E+01  0.65424316E+01  0.13397418E+01  0.18812064E+00
  992000    0.58532153E+01  0.65398690E+01  0.13409833E+01  0.18640456E+00
  994000    0.58604029E+01  0.65373059E+01  0.13422121E+01  0.18467819E+00
  996000    0.58675844E+01  0.65347423E+01  0.13434283E+01  0.18294160E+00
  998000    0.58747599E+01  0.65321780E+01  0.13446318E+01  0.18119487E+00
 1000000    0.58819293E+01  0.65296130E+01  0.13458223E+01  0.17943809E+00
 1002000    0.58890928E+01  0.65270473E+01  0.13469998E+01  0.17767135E+00
 1004000    0.58962505E+01  0.65244808E+01  0.13481642E+01  0.17589473E+00
 1006000    0.59034024E+01  0.65219135E+01  0.13493155E+01  0.17410832E+00
 1008000    0.59105486E+01  0.65193453E+01  0.13504534E+01  0.17231222E+00
 1010000    0.59176893E+01  0.65167762E+01  0.13515778E+01  0.17050652E+00
 1012000    0.59248244E+01  0.65142061E+01  0.13526888E+01  0.16869131E+00
 1014000    0.59319541E+01  0.65116351E+01  0.13537861E+01  0.16686669E+00
 1016000    0.59390785E+01  0.65090630E+01  0.13548697E+01  0.16503275E+00
 1018000    0.59461976E+01  0.65064898E+01  0.13559395E+01  0.16318960E+00
 1020000    0.59533115E+01  0.65039156E+01  0.13569954E+01  0.16133734E+00
 1022000    0.59604203E+01  0.65013402E+01  0.13580372E+01  0.15947606E+00
 1024000    0.59675240E+01  0.64987636E+01  0.13590649E+01  0.15760588E+00
 1026000    0.59746228E+01  0.64961859E+01  0.13600784E+01  0.15572690E+00
 1028000    0.59817168E+01  0.64936069E+01  0.13610775E+01  0.15383923E+00
 1030000    0.59888060E+01  0.64910267E+01  0.13620622E+01  0.15194298E+00
 1032000    0.59958904E+01  0.64884452E+01  0.13630325E+01  0.15003825E+00
 1034000    0.60029703E+01  0.64858624E+01  0.13639881E+01  0.14812517E+00
 1036000    0.60100456E+01  0.64832784E+01  0.13649290E+01  0.14620384E+00
 1038000    0.60171164E+01  0.64806930E+01  0.13658552E+01  0.14427438E+00
 1040000    0.60241828E+01  0.64781063E+01  0.13667664E+01  0.14233690E+00
 1042000    0.60312450E+01  0.64755182E+01  0.13676627E+01  0.14039154E+00
 1044000    0.60383029E+01  0.64729288E+01  0.13685440E+01  0.13843839E+00
 1046000    0.60453567E+01  0.64703380E+01  0.13694101E+01  0.13647760E+00
 1048000    0.60524065E+01  0.64677459E+01  0.13702610E+01  0.13450928E+00
 1050000    0.60594522E+01  0.64651523E+01  0.13710966E+01  0.13253355E+00
 1052000    0.60664941E+01  0.64625574E+01  0.13719168E+01  0.13055054E+00
 1054000    0.60735321E+01  0.64599611E+01  0.13727215E+01  0.12856039E+00
 1056000    0.60805664E+01  0.64573634E+01  0.13735107E+01  0.12656321E+00
 1058000    0.60875971E+01  0.64547643E+01  0.13742843E+01  0.12455913E+00
 1060000    0.60946241E+01  0.64521638E+01  0.13750421E+01  0.12254830E+00
 1062000    0.61016477E+01  0.64495619E+01  0.13757842E+01  0.12053084E+00
 1064000    0.61086679E+01  0.64469587E+01  0.13765105E+01  0.11850688E+00
 1066000    0.61156847E+01  0.64443540E+01  0.13772208E+01  0.11647656E+00
 1068000    0.61226983E+01  0.64417480E+01  0.13779151E+01  0.11444002E+00
 1070000    0.61297087E+01  0.64391406E+01  0.13785934E+01  0.11239740E+00
 1072000    0.61367160E+01  0.64365319E+01  0.13792555E+01  0.11034883E+00
 1074000    0.61437204E+01  0.64339218E+01  0.13799015E+01  0.10829445E+00
 1076000    0.61507217E+01  0.64313104E+01  0.13805312E+01  0.10623441E+00
 1078000    0.61577203E+01  0.64286977E+01  0.13811446E+01  0.10416884E+00
 1080000    0.61647160E+01  0.64260837E+01  0.13817416E+01  0.10209790E+00
 1082000    0.61717091E+01  0.64234684E+01  0.13823222E+01  0.10002173E+00
 1084000    0.61786996E+01  0.64208518E+01  0.13828863E+01  0.97940463E-01
 1086000    0.61856875E+01  0.64182339E+01  0.13834338E+01  0.95854257E-01
 1088000    0.61926730E+01  0.64156148E+01  0.13839647E+01  0.93763256E-01
 1090000    0.61996561E+01  0.64129945E+01  0.13844790E+01  0.91667610E-01
 1092000    0.62066370E+01  0.64103730E+01  0.13849766E+01  0.89567467E-01
 1094000    0.62136156E+01  0.64077503E+01  0.13854574E+01  0.87462979E-01
 1096000    0.62205921E+01  0.64051265E+01  0.13859215E+01  0.85354295E-01
 1098000    0.62275666E+01  0.64025015E+01  0.13863686E+01  0.83241569E-01
 1100000    0.62345391E+01  0.63998754E+01  0.13867990E+01  0.81124953E-01
 1102000    0.62415097E+01  0.63972482E+01  0.13872123E+01  0.79004600E-01
 1104000    0.62484785E+01  0.63946199E+01  0.13876087E+01  0.76880665E-01
 1106000    0.62554456E+01  0.63919906E+01  0.13879882E+01  0.74753304E-01
 1108000    0.62624111E+01  0.63893604E+01  0.13883505E+01  0.72622670E-01
 1110000    0.62693750E+01  0.63867291E+01  0.13886959E+01  0.70488922E-01
 1112000    0.62763374E+01  0.63840968E+01  0.13890241E+01  0.68352215E-01
 1114000    0.62832984E+01  0.63814636E+01  0.13893352E+01  0.66212707E-01
 1116000    0.62902581E+01  0.63788296E+01  0.13896291E+01  0.64070557E-01
 1118000    0.62972165E+01  0.63761946E+01  0.13899058E+01  0.61925922E-01
 1120000    0.63041738E+01  0.63735588E+01  0.13901654E+01  0.59778961E-01
 1122000    0.63111300E+01  0.63709222E+01  0.13904077E+01  0.57629834E-01
 1124000    0.63180853E+01  0.63682848E+01  0.13906328E+01  0.55478701E-01
 1126000    0.63250396E+01  0.63656467E+01  0.13908406E+01  0.53325722E-01
 1128000    0.63319930E+01  0.63630078E+01  0.13910311E+01  0.51171057E-01
 1130000    0.63389457E+01  0.63603682E+01  0.13912044E+01  0.49014866E-01
 1132000    0.63458978E+01  0.63577280E+01  0.13913603E+01  0.46857311E-01
 1134000    0.63528492E+01  0.63550871E+01  0.13914989E+01  0.44698553E-01
 1136000    0.63598001E+01  0.63524457E+01  0.13916203E+01  0.42538753E-01
 1138000    0.63667506E+01  0.63498036E+01  0.13917242E+01  0.40378073E-01
 1140000    0.63737007E+01  0.63471610E+01  0.13918109E+01  0.38216674E-01
 1142000    0.63806506E+01  0.63445180E+01  0.13918803E+01  0.36054718E-01
 1144000    0.63876002E+01  0.63418744E+01  0.13919323E+01  0.33892366E-01
 1146000    0.63945498E+01  0.63392304E+01  0.13919670E+01  0.31729781E-01
 1148000    0.64014993E+01  0.63365860E+01  0.13919843E+01  0.29567123E-01
 1150000    0.64084489E+01  0.63339412E+01  0.13919844E+01  0.27404555E-01
 1152000    0.64153986E+01  0.63312961E+01  0.13919672E+01  0.25242237E-01
 1154000    0.64223485E+01  0.63286506E+01  0.13919326E+01  0.23080331E-01
 1156000    0.64292987E+01  0.63260049E+01  0.13918808E+01  0.20918999E-01
 1158000    0.64362492E+01  0.63233588E+01  0.13918118E+01  0.18758400E-01
 1160000    0.64432002E+01  0.63207126E+01  0.13917255E+01  0.16598696E-01
 1162000    0.64501518E+01  0.63180662E+01  0.13916219E+01  0.14440048E-01
 1164000    0.64571039E+01  0.63154196E+01  0.13915012E+01  0.12282614E-01
 1166000    0.64640568E+01  0.63127729E+01  0.13913633E+01  0.10126554E-01
 1168000    0.64710104E+01  0.63101260E+01  0.13912082E+01  0.79720293E-02
 1170000    0.64779649E+01  0.63074791E+01  0.13910361E+01  0.58191968E-02
 1172000    0.64849203E+01  0.63048321E+01  0.13908468E+01  0.36682155E-02
 1174000    0.64918767E+01  0.63021851E+01  0.13906404E+01  0.15192433E-02
 1176000    0.64988342E+01  0.62995381E+01  0.13904170E+01 -0.62756242E-03
 1178000    0.65057928E+01  0.62968912E+01  0.13901766E+01 -0.27720449E-02
 1180000    0.65127528E+01  0.62942442E+01  0.13899193E+01 -0.49140480E-02
 1182000    0.65197140E+01  0.62915974E+01  0.13896450E+01 -0.70534160E-02
 1184000    0.65266767E+01  0.62889507E+01  0.13893539E+01 -0.91899941E-02
 1186000    0.65336409E+01  0.62863041E+01  0.13890459E+01 -0.11323628E-01
 1188000    0.65406067E+01  0.62836576E+01  0.13887212E+01 -0.13454164E-01
 1190000    0.65475741E+01  0.62810114E+01  0.13883797E+01 -0.15581450E-01
 1192000    0.65545432E+01  0.62783653E+01  0.13880214E+01 -0.17705333E-01
 1194000    0.65615142E+01  0.62757194E+01  0.13876466E+01 -0.19825662E-01
 1196000    0.65684870E+01  0.62730738E+01  0.13872551E+01 -0.21942287E-01
 1198000    0.65754619E+01  0.62704285E+01  0.13868472E+01 -0.24055059E-01
 1200000    0.65824388E+01  0.62677834E+01  0.13864227E+01 -0.26163829E-01
 1202000    0.65894178E+01  0.62651386E+01  0.13859818E+01 -0.28268449E-01
 1204000    0.65963990E+01  0.62624941E+01  0.13855245E+01 -0.30368772E-01
 1206000    0.66033826E+01  0.62598500E+01  0.13850510E+01 -0.32464654E-01
 1208000    0.66103685E+01  0.62572062E+01  0.13845612E+01 -0.34555948E-01
 1210000    0.66173569E+01  0.62545627E+01  0.13840552E+01 -0.36642512E-01
 1212000    0.66243478E+01  0.62519196E+01  0.13835331E+01 -0.38724203E-01
 1214000    0.66313414E+01  0.62492769E+01  0.13829950E+01 -0.40800879E-01
 1216000    0.66383376E+01  0.62466346E+01  0.13824409E+01 -0.42872400E-01
 1218000    0.66453366E+01  0.62439927E+01  0.13818709E+01 -0.44938627E-01
 1220000    0.66523385E+01  0.62413512E+01  0.13812851E+01 -0.46999421E-01
 1222000    0.66593433E+01  0.62387101E+01  0.13806835E+01 -0.49054645E-01
 1224000    0.66663512E+01  0.62360694E+01  0.13800662E+01 -0.51104165E-01
 1226000    0.66733621E+01  0.62334291E+01  0.13794334E+01 -0.53147844E-01
 1228000    0.66803762E+01  0.62307893E+01  0.13787850E+01 -0.55185551E-01
 1230000    0.66873936E+01  0.62281499E+01  0.13781212E+01 -0.57217153E-01
 1232000    0.66944143E+01  0.62255110E+01  0.13774421E+01 -0.59242518E-01
 1234000    0.67014385E+01  0.62228724E+01  0.13767476E+01 -0.61261519E-01
 1236000    0.67084661E+01  0.62202343E+01  0.13760380E+01 -0.63274026E-01
 1238000    0.67154974E+01  0.62175967E+01  0.13753133E+01 -0.65279913E-01
 1240000    0.67225322E+01  0.62149594E+01  0.13745736E+01 -0.67279055E-01
 1242000    0.67295709E+01  0.62123226E+01  0.13738189E+01 -0.69271327E-01
 1244000    0.67366133E+01  0.62096862E+01  0.13730494E+01 -0.71256608E-01
 1246000    0.67436597E+01  0.62070502E+01  0.13722652E+01 -0.73234775E-01
 1248000    0.67507100E+01  0.62044146E+01  0.13714663E+01 -0.75205709E-01
 1250000    0.67577644E+01  0.62017793E+01  0.13706529E+01 -0.77169291E-01
 1252000    0.67648229E+01  0.61991445E+01  0.13698251E+01 -0.79125405E-01
 1254000    0.67718857E+01  0.61965100E+01  0.13689828E+01 -0.81073935E-01
 1256000    0.67789527E+01  0.61938758E+01  0.13681264E+01 -0.83014768E-01
 1258000    0.67860241E+01  0.61912420E+01  0.13672557E+01 -0.84947790E-01
 1260000    0.67931000E+01  0.61886084E+01  0.13663710E+01 -0.86872891E-01
 1262000    0.68001805E+01  0.61859752E+01  0.13654724E+01 -0.88789961E-01
 1264000    0.68072655E+01  0.61833422E+01  0.13645599E+01 -0.90698893E-01
 1266000    0.68143552E+01  0.61807095E+01  0.13636336E+01 -0.92599579E-01
 1268000    0.68214498E+01  0.61780769E+01  0.13626937E+01 -0.94491915E-01
 1270000    0.68285491E+01  0.61754446E+01  0.13617403E+01 -0.96375798E-01
 1272000    0.68356534E+01  0.61728124E+01  0.13607734E+01 -0.98251126E-01
 1274000    0.68427628E+01  0.61701804E+01  0.13597932E+01 -0.10011780E+00
 1276000    0.68498772E+01  0.61675485E+01  0.13587998E+01 -0.10197572E+00
 1278000    0.68569968E+01  0.61649167E+01  0.13577933E+01 -0.10382478E+00
 1280000    0.68641216E+01  0.61622848E+01  0.13567738E+01 -0.10566490E+00
 1282000    0.68712518E+01  0.61596530E+01  0.13557415E+01 -0.10749598E+00
 1284000    0.68783874E+01  0.61570212E+01  0.13546963E+01 -0.10931792E+00
 1286000    0.68855285E+01  0.61543893E+01  0.13536386E+01 -0.11113064E+00
 1288000    0.68926751E+01  0.61517573E+01  0.13525682E+01 -0.11293405E+00
 1290000    0.68998274E+01  0.61491252E+01  0.13514855E+01 -0.11472805E+00
 1292000    0.69069854E+01  0.61464928E+01  0.13503904E+01 -0.11651257E+00
 1294000    0.69141492E+01  0.61438603E+01  0.13492832E+01 -0.11828751E+00
 1296000    0.69213190E+01  0.61412274E+01  0.13481639E+01 -0.12005280E+00
 1298000    0.69284946E+01  0.61385943E+01  0.13470326E+01 -0.12180835E+00
 1300000    0.69356763E+01  0.61359607E+01  0.13458895E+01 -0.12355409E+00
 1302000    0.69428642E+01  0.61333267E+01  0.13447347E+01 -0.12528992E+00
 1304000    0.69500582E+01  0.61306923E+01  0.13435683E+01 -0.12701579E+00
 1306000    0.69572585E+01  0.61280574E+01  0.13423904E+01 -0.12873161E+00
 1308000    0.69644652E+01  0.61254218E+01  0.13412012E+01 -0.13043730E+00
 1310000    0.69716783E+01  0.61227857E+01  0.13400007E+01 -0.13213280E+00
 1312000    0.69788979E+01  0.61201488E+01  0.13387892E+01 -0.13381804E+00
 1314000    0.69861240E+01  0.61175112E+01  0.13375666E+01 -0.13549294E+00
 1316000    0.69933569E+01  0.61148728E+01  0.13363332E+01 -0.13715743E+00
 1318000    0.70005965E+01  0.61122336E+01  0.13350891E+01 -0.13881146E+00
 1320000    0.70078429E+01  0.61095934E+01  0.13338343E+01 -0.14045495E+00
 1322000    0.70150962E+01  0.61069522E+01  0.13325691E+01 -0.14208785E+00
 1324000    0.70223565E+01  0.61043100E+01  0.13312935E+01 -0.14371009E+00
 1326000    0.70296239E+01  0.61016667E+01  0.13300076E+01 -0.14532161E+00
 1328000    0.70368984E+01  0.60990222E+01  0.13287117E+01 -0.14692234E+00
 1330000    0.70441801E+01  0.60963764E+01  0.13274058E+01 -0.14851224E+00
 1332000    0.70514690E+01  0.60937293E+01  0.13260900E+01 -0.15009125E+00
 1334000    0.70587654E+01  0.60910809E+01  0.13247645E+01 -0.15165931E+00
 1336000    0.70660691E+01  0.60884310E+01  0.13234294E+01 -0.15321636E+00
 1338000    0.70733804E+01  0.60857796E+01  0.13220849E+01 -0.15476236E+00
 1340000    0.70806993E+01  0.60831266E+01  0.13207310E+01 -0.15629726E+00
 1342000    0.70880258E+01  0.60804719E+01  0.13193679E+01 -0.15782100E+00
 1344000    0.70953601E+01  0.60778155E+01  0.13179957E+01 -0.15933353E+00
 1346000    0.71027022E+01  0.60751573E+01  0.13166146E+01 -0.16083482E+00
 1348000    0.71100522E+01  0.60724972E+01  0.13152247E+01 -0.16232480E+00
 1350000    0.71174102E+01  0.60698352E+01  0.13138261E+01 -0.16380345E+00
 1352000    0.71247762E+01  0.60671711E+01  0.13124189E+01 -0.16527071E+00
 1354000    0.71321504E+01  0.60645049E+01  0.13110033E+01 -0.16672655E+00
 1356000    0.71395327E+01  0.60618366E+01  0.13095794E+01 -0.16817092E+00
 1358000    0.71469233E+01  0.60591659E+01  0.13081473E+01 -0.16960378E+00
 1360000    0.71543223E+01  0.60564930E+01  0.13067073E+01 -0.17102509E+00
 1362000    0.71617296E+01  0.60538176E+01  0.13052593E+01 -0.17243482E+00
 1364000    0.71691455E+01  0.60511397E+01  0.13038035E+01 -0.17383293E+00
 1366000    0.71765699E+01  0.60484593E+01  0.13023402E+01 -0.17521939E+00
 1368000    0.71840030E+01  0.60457762E+01  0.13008693E+01 -0.17659415E+00
 1370000    0.71914448E+01  0.60430903E+01  0.12993911E+01 -0.17795720E+00
 1372000    0.71988954E+01  0.60404017E+01  0.12979056E+01 -0.17930849E+00
 1374000    0.72063548E+01  0.60377102E+01  0.12964131E+01 -0.18064800E+00
 1376000    0.72138232E+01  0.60350157E+01  0.12949136E+01 -0.18197569E+00
 1378000    0.72213005E+01  0.60323182E+01  0.12934072E+01 -0.18329154E+00
 1380000    0.72287870E+01  0.60296175E+01  0.12918942E+01 -0.18459551E+00
 1382000    0.72362826E+01  0.60269137E+01  0.12903746E+01 -0.18588759E+00
 1384000    0.72437875E+01  0.60242065E+01  0.12888486E+01 -0.18716775E+00
 1386000    0.72513016E+01  0.60214961E+01  0.12873163E+01 -0.18843596E+00
 1388000    0.72588251E+01  0.60187821E+01  0.12857778E+01 -0.18969219E+00
 1390000    0.72663580E+01  0.60160647E+01  0.12842334E+01 -0.19093643E+00
 1392000    0.72739004E+01  0.60133437E+01  0.12826830E+01 -0.19216865E+00
 1394000    0.72814524E+01  0.60106191E+01  0.12811269E+01 -0.19338883E+00
 1396000    0.72890141E+01  0.60078906E+01  0.12795652E+01 -0.19459695E+00
 1398000    0.72965855E+01  0.60051584E+01  0.12779980E+01 -0.19579300E+00
 1400000    0.73041666E+01  0.60024223E+01  0.12764255E+01 -0.19697694E+00
 1402000    0.73117577E+01  0.59996823E+01  0.12748478E+01 -0.19814877E+00
 1404000    0.73193586E+01  0.59969382E+01  0.12732651E+01 -0.19930847E+00
 1406000    0.73269695E+01  0.59941900E+01  0.12716774E+01 -0.20045602E+00
 1408000    0.73345905E+01  0.59914376E+01  0.12700849E+01 -0.20159140E+00
 1410000    0.73422216E+01  0.59886810E+01  0.12684878E+01 -0.20271460E+00
 1412000    0.73498629E+01  0.59859201E+01  0.12668862E+01 -0.20382562E+00
 1414000    0.73575145E+01  0.59831548E+01  0.12652802E+01 -0.20492442E+00
 1416000    0.73651764E+01  0.59803851E+01  0.12636699E+01 -0.20601101E+00
 1418000    0.73728487E+01  0.59776109E+01  0.12620556E+01 -0.20708536E+00
 1420000    0.73805314E+01  0.59748321E+01  0.12604373E+01 -0.20814748E+00
 1422000    0.73882246E+01  0.59720487E+01  0.12588152E+01 -0.20919734E+00
 1424000    0.73959285E+01  0.59692605E+01  0.12571895E+01 -0.21023494E+00
 1426000    0.74036430E+01  0.59664677E+01  0.12555602E+01 -0.21126027E+00
 1428000    0.74113682E+01  0.59636700E+01  0.12539275E+01 -0.21227333E+00
 1430000    0.74191041E+01  0.59608675E+01  0.12522915E+01 -0.21327409E+00
 1432000    0.74268509E+01  0.59580600E+01  0.12506524E+01 -0.21426257E+00
 1434000    0.74346086E+01  0.59552476E+01  0.12490104E+01 -0.21523874E+00
 1436000    0.74423773E+01  0.59524302E+01  0.12473655E+01 -0.21620261E+00
 1438000    0.74501569E+01  0.59496077E+01  0.12457179E+01 -0.21715417E+00
 1440000    0.74579477E+01  0.59467801E+01  0.12440677E+01 -0.21809342E+00
 1442000    0.74657495E+01  0.59439474E+01  0.12424152E+01 -0.21902034E+00
 1444000    0.74735626E+01  0.59411095E+01  0.12407604E+01 -0.21993494E+00
 1446000    0.74813869E+01  0.59382663E+01  0.12391034E+01 -0.22083722E+00
 1448000    0.74892226E+01  0.59354179E+01  0.12374445E+01 -0.22172718E+00
 1450000    0.74970696E+01  0.59325642E+01  0.12357837E+01 -0.22260480E+00
 1452000    0.75049280E+01  0.59297052E+01  0.12341212E+01 -0.22347010E+00
 1454000    0.75127979E+01  0.59268408E+01  0.12324572E+01 -0.22432306E+00
 1456000    0.75206793E+01  0.59239710E+01  0.12307917E+01 -0.22516370E+00
 1458000    0.75285723E+01  0.59210958E+01  0.12291250E+01 -0.22599201E+00
 1460000    0.75364770E+01  0.59182152E+01  0.12274572E+01 -0.22680799E+00
 1462000    0.75443933E+01  0.59153291E+01  0.12257883E+01 -0.22761164E+00
 1464000    0.75523214E+01  0.59124376E+01  0.12241186E+01 -0.22840297E+00
 1466000    0.75602613E+01  0.59095406E+01  0.12224483E+01 -0.22918199E+00
 1468000    0.75682130E+01  0.59066382E+01  0.12207774E+01 -0.22994868E+00
 1470000    0.75761766E+01  0.59037302E+01  0.12191061E+01 -0.23070306E+00
 1472000    0.75841521E+01  0.59008168E+01  0.12174345E+01 -0.23144514E+00
 1474000    0.75921396E+01  0.58978979E+01  0.12157628E+01 -0.23217491E+00
 1476000    0.76001392E+01  0.58949735E+01  0.12140911E+01 -0.23289238E+00
 1478000    0.76081508E+01  0.58920436E+01  0.12124197E+01 -0.23359756E+00
 1480000    0.76161745E+01  0.58891082E+01  0.12107485E+01 -0.23429046E+00
 1482000    0.76242105E+01  0.58861675E+01  0.12090778E+01 -0.23497108E+00
 1484000    0.76322586E+01  0.58832213E+01  0.12074078E+01 -0.23563943E+00
 1486000    0.76403189E+01  0.58802697E+01  0.12057385E+01 -0.23629552E+00
 1488000    0.76483916E+01  0.58773127E+01  0.12040701E+01 -0.23693935E+00
 1490000    0.76564766E+01  0.58743503E+01  0.12024028E+01 -0.23757095E+00
 1492000    0.76645739E+01  0.58713827E+01  0.12007367E+01 -0.23819031E+00
 1494000    0.76726837E+01  0.58684097E+01  0.11990719E+01 -0.23879744E+00
 1496000    0.76808059E+01  0.58654316E+01  0.11974087E+01 -0.23939237E+00
 1498000    0.76889406E+01  0.58624482E+01  0.11957471E+01 -0.23997510E+00
 1500000    0.76970878E+01  0.58594597E+01  0.11940874E+01 -0.24054564E+00
 1502000    0.77052475E+01  0.58564661E+01  0.11924295E+01 -0.24110401E+00
 1504000    0.77134198E+01  0.58534675E+01  0.11907738E+01 -0.24165021E+00
 1506000    0.77216047E+01  0.58504640E+01  0.11891204E+01 -0.24218427E+00
 1508000    0.77298023E+01  0.58474555E+01  0.11874693E+01 -0.24270620E+00
 1510000    0.77380125E+01  0.58444422E+01  0.11858208E+01 -0.24321602E+00
 1512000    0.77462354E+01  0.58414241E+01  0.11841750E+01 -0.24371373E+00
 1514000    0.77544710E+01  0.58384013E+01  0.11825321E+01 -0.24419936E+00
 1516000    0.77627194E+01  0.58353740E+01  0.11808921E+01 -0.24467292E+00
 1518000    0.77709805E+01  0.58323421E+01  0.11792553E+01 -0.24513444E+00
 1520000    0.77792544E+01  0.58293058E+01  0.11776218E+01 -0.24558393E+00
 1522000    0.77875412E+01  0.58262652E+01  0.11759918E+01 -0.24602141E+00
 1524000    0.77958407E+01  0.58232204E+01  0.11743654E+01 -0.24644690E+00
 1526000    0.78041531E+01  0.58201714E+01  0.11727427E+01 -0.24686043E+00
 1528000    0.78124784E+01  0.58171185E+01  0.11711240E+01 -0.24726200E+00
 1530000    0.78208166E+01  0.58140616E+01  0.11695093E+01 -0.24765166E+00
 1532000    0.78291676E+01  0.58110010E+01  0.11678988E+01 -0.24802942E+00
 1534000    0.78375315E+01  0.58079367E+01  0.11662927E+01 -0.24839530E+00
 1536000    0.78459084E+01  0.58048688E+01  0.11646911E+01 -0.24874933E+00
 1538000    0.78542982E+01  0.58017976E+01  0.11630942E+01 -0.24909153E+00
 1540000    0.78627009E+01  0.57987230E+01  0.11615020E+01 -0.24942194E+00
 1542000    0.78711166E+01  0.57956453E+01  0.11599149E+01 -0.24974058E+00
 1544000    0.78795452E+01  0.57925647E+01  0.11583328E+01 -0.25004748E+00
 1546000    0.78879867E+01  0.57894811E+01  0.11567561E+01 -0.25034267E+00
 1548000    0.78964412E+01  0.57863949E+01  0.11551847E+01 -0.25062617E+00
 1550000    0.79049087E+01  0.57833061E+01  0.11536189E+01 -0.25089803E+00
 1552000    0.79133891E+01  0.57802148E+01  0.11520588E+01 -0.25115827E+00
 1554000    0.79218825E+01  0.57771214E+01  0.11505046E+01 -0.25140693E+00
 1556000    0.79303887E+01  0.57740258E+01  0.11489564E+01 -0.25164404E+00
 1558000    0.79389080E+01  0.57709284E+01  0.11474143E+01 -0.25186963E+00
 1560000    0.79474401E+01  0.57678291E+01  0.11458786E+01 -0.25208375E+00
 1562000    0.79559852E+01  0.57647283E+01  0.11443493E+01 -0.25228644E+00
 1564000    0.79645432E+01  0.57616261E+01  0.11428266E+01 -0.25247772E+00
 1566000    0.79731140E+01  0.57585226E+01  0.11413107E+01 -0.25265765E+00
 1568000    0.79816978E+01  0.57554181E+01  0.11398017E+01 -0.25282625E+00
 1570000    0.79902944E+01  0.57523127E+01  0.11382997E+01 -0.25298359E+00
 1572000    0.79989038E+01  0.57492066E+01  0.11368048E+01 -0.25312969E+00
 1574000    0.80075261E+01  0.57461000E+01  0.11353174E+01 -0.25326461E+00
 1576000    0.80161611E+01  0.57429930E+01  0.11338373E+01 -0.25338838E+00
 1578000    0.80248090E+01  0.57398859E+01  0.11323649E+01 -0.25350107E+00
 1580000    0.80334696E+01  0.57367789E+01  0.11309003E+01 -0.25360271E+00
 1582000    0.80421429E+01  0.57336720E+01  0.11294435E+01 -0.25369335E+00
 1584000    0.80508289E+01  0.57305656E+01  0.11279948E+01 -0.25377306E+00
 1586000    0.80595276E+01  0.57274599E+01  0.11265543E+01 -0.25384188E+00
 1588000    0.80682389E+01  0.57243549E+01  0.11251220E+01 -0.25389986E+00
 1590000    0.80769628E+01  0.57212509E+01  0.11236983E+01 -0.25394706E+00
 1592000    0.80856992E+01  0.57181481E+01  0.11222830E+01 -0.25398354E+00
 1594000    0.80944482E+01  0.57150467E+01  0.11208766E+01 -0.25400936E+00
 1596000    0.81032096E+01  0.57119469E+01  0.11194789E+01 -0.25402457E+00
 1598000    0.81119835E+01  0.57088488E+01  0.11180902E+01 -0.25402924E+00
 1600000    0.81207698E+01  0.57057526E+01  0.11167107E+01 -0.25402342E+00
 1602000    0.81295684E+01  0.57026586E+01  0.11153404E+01 -0.25400720E+00
 1604000    0.81383794E+01  0.56995669E+01  0.11139794E+01 -0.25398062E+00
 1606000    0.81472025E+01  0.56964777E+01  0.11126280E+01 -0.25394375E+00
 1608000    0.81560379E+01  0.56933912E+01  0.11112861E+01 -0.25389667E+00
 1610000    0.81648854E+01  0.56903076E+01  0.11099540E+01 -0.25383945E+00
 1612000    0.81737450E+01  0.56872270E+01  0.11086317E+01 -0.25377215E+00
 1614000    0.81826167E+01  0.56841496E+01  0.11073195E+01 -0.25369485E+00
 1616000    0.81915003E+01  0.56810756E+01  0.11060173E+01 -0.25360762E+00
 1618000    0.82003958E+01  0.56780052E+01  0.11047253E+01 -0.25351054E+00
 1620000    0.82093031E+01  0.56749385E+01  0.11034437E+01 -0.25340368E+00
 1622000    0.82182223E+01  0.56718757E+01  0.11021725E+01 -0.25328713E+00
 1624000    0.82271531E+01  0.56688169E+01  0.11009118E+01 -0.25316097E+00
 1626000    0.82360956E+01  0.56657623E+01  0.10996618E+01 -0.25302527E+00
 1628000    0.82450497E+01  0.56627120E+01  0.10984226E+01 -0.25288012E+00
 1630000    0.82540152E+01  0.56596663E+01  0.10971942E+01 -0.25272560E+00
 1632000    0.82629922E+01  0.56566251E+01  0.10959768E+01 -0.25256180E+00
 1634000    0.82719806E+01  0.56535887E+01  0.10947704E+01 -0.25238881E+00
 1636000    0.82809802E+01  0.56505572E+01  0.10935753E+01 -0.25220671E+00
 1638000    0.82899910E+01  0.56475307E+01  0.10923913E+01 -0.25201560E+00
 1640000    0.82990129E+01  0.56445094E+01  0.10912188E+01 -0.25181557E+00
 1642000    0.83080459E+01  0.56414932E+01  0.10900577E+01 -0.25160670E+00
 1644000    0.83170898E+01  0.56384824E+01  0.10889081E+01 -0.25138910E+00
 1646000    0.83261445E+01  0.56354771E+01  0.10877701E+01 -0.25116285E+00
 1648000    0.83352100E+01  0.56324772E+01  0.10866439E+01 -0.25092806E+00
 1650000    0.83442862E+01  0.56294830E+01  0.10855294E+01 -0.25068482E+00
 1652000    0.83533730E+01  0.56264945E+01  0.10844269E+01 -0.25043324E+00
 1654000    0.83624703E+01  0.56235118E+01  0.10833362E+01 -0.25017340E+00
 1656000    0.83715779E+01  0.56205349E+01  0.10822576E+01 -0.24990542E+00
 1658000    0.83806959E+01  0.56175639E+01  0.10811911E+01 -0.24962939E+00
 1660000    0.83898240E+01  0.56145988E+01  0.10801367E+01 -0.24934542E+00
 1662000    0.83989623E+01  0.56116397E+01  0.10790946E+01 -0.24905362E+00
 1664000    0.84081105E+01  0.56086866E+01  0.10780648E+01 -0.24875408E+00
 1666000    0.84172686E+01  0.56057396E+01  0.10770474E+01 -0.24844692E+00
 1668000    0.84264366E+01  0.56027987E+01  0.10760423E+01 -0.24813224E+00
 1670000    0.84356142E+01  0.55998639E+01  0.10750498E+01 -0.24781015E+00
 1672000    0.84448013E+01  0.55969351E+01  0.10740698E+01 -0.24748077E+00
 1674000    0.84539979E+01  0.55940124E+01  0.10731024E+01 -0.24714419E+00
 1676000    0.84632039E+01  0.55910959E+01  0.10721477E+01 -0.24680053E+00
 1678000    0.84724191E+01  0.55881854E+01  0.10712056E+01 -0.24644991E+00
 1680000    0.84816434E+01  0.55852809E+01  0.10702763E+01 -0.24609243E+00
 1682000    0.84908768E+01  0.55823824E+01  0.10693597E+01 -0.24572821E+00
 1684000    0.85001190E+01  0.55794899E+01  0.10684560E+01 -0.24535737E+00
 1686000    0.85093700E+01  0.55766034E+01  0.10675652E+01 -0.24498000E+00
 1688000    0.85186296E+01  0.55737227E+01  0.10666873E+01 -0.24459624E+00
 1690000    0.85278978E+01  0.55708478E+01  0.10658223E+01 -0.24420620E+00
 1692000    0.85371743E+01  0.55679787E+01  0.10649703E+01 -0.24380998E+00
 1694000    0.85464592E+01  0.55651152E+01  0.10641313E+01 -0.24340771E+00
 1696000    0.85557522E+01  0.55622574E+01  0.10633053E+01 -0.24299951E+00
 1698000    0.85650532E+01  0.55594050E+01  0.10624924E+01 -0.24258549E+00
 1700000    0.85743621E+01  0.55565580E+01  0.10616926E+01 -0.24216576E+00
 1702000    0.85836788E+01  0.55537164E+01  0.10609059E+01 -0.24174045E+00
 1704000    0.85930032E+01  0.55508799E+01  0.10601323E+01 -0.24130967E+00
 1706000    0.86023350E+01  0.55480485E+01  0.10593719E+01 -0.24087354E+00
 1708000    0.86116743E+01  0.55452221E+01  0.10586246E+01 -0.24043218E+00
 1710000    0.86210208E+01  0.55424005E+01  0.10578905E+01 -0.23998570E+00
 1712000    0.86303744E+01  0.55395836E+01  0.10571697E+01 -0.23953423E+00
 1714000    0.86397349E+01  0.55367713E+01  0.10564620E+01 -0.23907787E+00
 1716000    0.86491024E+01  0.55339634E+01  0.10557675E+01 -0.23861675E+00
 1718000    0.86584765E+01  0.55311598E+01  0.10550863E+01 -0.23815099E+00
 1720000    0.86678572E+01  0.55283603E+01  0.10544183E+01 -0.23768069E+00
 1722000    0.86772443E+01  0.55255649E+01  0.10537635E+01 -0.23720599E+00
 1724000    0.86866378E+01  0.55227732E+01  0.10531220E+01 -0.23672699E+00
 1726000    0.86960373E+01  0.55199853E+01  0.10524937E+01 -0.23624381E+00
 1728000    0.87054429E+01  0.55172008E+01  0.10518786E+01 -0.23575657E+00
 1730000    0.87148544E+01  0.55144198E+01  0.10512768E+01 -0.23526538E+00
 1732000    0.87242716E+01  0.55116418E+01  0.10506882E+01 -0.23477036E+00
 1734000    0.87336943E+01  0.55088670E+01  0.10501129E+01 -0.23427163E+00
 1736000    0.87431225E+01  0.55060949E+01  0.10495508E+01 -0.23376929E+00
 1738000    0.87525560E+01  0.55033255E+01  0.10490019E+01 -0.23326346E+00
 1740000    0.87619947E+01  0.55005587E+01  0.10484663E+01 -0.23275426E+00
 1742000    0.87714383E+01  0.54977942E+01  0.10479438E+01 -0.23224179E+00
 1744000    0.87808868E+01  0.54950318E+01  0.10474346E+01 -0.23172618E+00
 1746000    0.87903400E+01  0.54922714E+01  0.10469386E+01 -0.23120752E+00
 1748000    0.87997978E+01  0.54895129E+01  0.10464557E+01 -0.23068594E+00
 1750000    0.88092600E+01  0.54867560E+01  0.10459861E+01 -0.23016154E+00
 1752000    0.88187265E+01  0.54840006E+01  0.10455296E+01 -0.22963443E+00
 1754000    0.88281970E+01  0.54812466E+01  0.10450863E+01 -0.22910472E+00
 1756000    0.88376716E+01  0.54784937E+01  0.10446561E+01 -0.22857253E+00
 1758000    0.88471500E+01  0.54757418E+01  0.10442390E+01 -0.22803794E+00
 1760000    0.88566320E+01  0.54729908E+01  0.10438351E+01 -0.22750108E+00
 1762000    0.88661175E+01  0.54702405E+01  0.10434443E+01 -0.22696205E+00
 1764000    0.88756065E+01  0.54674908E+01  0.10430666E+01 -0.22642096E+00
 1766000    0.88850986E+01  0.54647415E+01  0.10427019E+01 -0.22587790E+00
 1768000    0.88945938E+01  0.54619924E+01  0.10423504E+01 -0.22533298E+00
 1770000    0.89040919E+01  0.54592436E+01  0.10420119E+01 -0.22478631E+00
 1772000    0.89135928E+01  0.54564947E+01  0.10416864E+01 -0.22423798E+00
 1774000    0.89230963E+01  0.54537458E+01  0.10413740E+01 -0.22368811E+00
 1776000    0.89326022E+01  0.54509967E+01  0.10410746E+01 -0.22313678E+00
 1778000    0.89421105E+01  0.54482473E+01  0.10407882E+01 -0.22258410E+00
 1780000    0.89516209E+01  0.54454975E+01  0.10405147E+01 -0.22203017E+00
 1782000    0.89611333E+01  0.54427472E+01  0.10402543E+01 -0.22147509E+00
 1784000    0.89706476E+01  0.54399963E+01  0.10400068E+01 -0.22091894E+00
 1786000    0.89801635E+01  0.54372448E+01  0.10397723E+01 -0.22036184E+00
 1788000    0.89896810E+01  0.54344926E+01  0.10395508E+01 -0.21980388E+00
 1790000    0.89991999E+01  0.54317396E+01  0.10393422E+01 -0.21924515E+00
 1792000    0.90087200E+01  0.54289858E+01  0.10391464E+01 -0.21868574E+00
 1794000    0.90182412E+01  0.54262312E+01  0.10389636E+01 -0.21812576E+00
 1796000    0.90277633E+01  0.54234757E+01  0.10387937E+01 -0.21756529E+00
 1798000    0.90372862E+01  0.54207193E+01  0.10386367E+01 -0.21700443E+00
 1800000    0.90468097E+01  0.54179620E+01  0.10384926E+01 -0.21644326E+00
 1802000    0.90563337E+01  0.54152038E+01  0.10383614E+01 -0.21588189E+00
 1804000    0.90658579E+01  0.54124447E+01  0.10382430E+01 -0.21532041E+00
 1806000    0.90753824E+01  0.54096848E+01  0.10381374E+01 -0.21475890E+00
 1808000    0.90849069E+01  0.54069240E+01  0.10380447E+01 -0.21419745E+00
 1810000    0.90944312E+01  0.54041624E+01  0.10379649E+01 -0.21363616E+00
 1812000    0.91039552E+01  0.54014001E+01  0.10378979E+01 -0.21307511E+00
 1814000    0.91134788E+01  0.53986371E+01  0.10378437E+01 -0.21251439E+00
 1816000    0.91230017E+01  0.53958735E+01  0.10378023E+01 -0.21195410E+00
 1818000    0.91325239E+01  0.53931094E+01  0.10377737E+01 -0.21139432E+00
 1820000    0.91420452E+01  0.53903448E+01  0.10377579E+01 -0.21083514E+00
 1822000    0.91515655E+01  0.53875799E+01  0.10377549E+01 -0.21027665E+00
 1824000    0.91610845E+01  0.53848147E+01  0.10377648E+01 -0.20971894E+00
 1826000    0.91706022E+01  0.53820495E+01  0.10377874E+01 -0.20916209E+00
 1828000    0.91801184E+01  0.53792843E+01  0.10378228E+01 -0.20860619E+00
 1830000    0.91896329E+01  0.53765193E+01  0.10378709E+01 -0.20805133E+00
 1832000    0.91991455E+01  0.53737545E+01  0.10379319E+01 -0.20749760E+00
 1834000    0.92086563E+01  0.53709903E+01  0.10380056E+01 -0.20694509E+00
 1836000    0.92181649E+01  0.53682267E+01  0.10380920E+01 -0.20639388E+00
 1838000    0.92276712E+01  0.53654639E+01  0.10381913E+01 -0.20584407E+00
 1840000    0.92371752E+01  0.53627021E+01  0.10383032E+01 -0.20529573E+00
 1842000    0.92466765E+01  0.53599415E+01  0.10384279E+01 -0.20474896E+00
 1844000    0.92561752E+01  0.53571822E+01  0.10385654E+01 -0.20420385E+00
 1846000    0.92656710E+01  0.53544245E+01  0.10387156E+01 -0.20366049E+00
 1848000    0.92751638E+01  0.53516686E+01  0.10388785E+01 -0.20311896E+00
 1850000    0.92846535E+01  0.53489147E+01  0.10390541E+01 -0.20257936E+00
 1852000    0.92941399E+01  0.53461630E+01  0.10392424E+01 -0.20204177E+00
 1854000    0.93036228E+01  0.53434137E+01  0.10394434E+01 -0.20150628E+00
 1856000    0.93131022E+01  0.53406671E+01  0.10396572E+01 -0.20097299E+00
 1858000    0.93225778E+01  0.53379234E+01  0.10398836E+01 -0.20044198E+00
 1860000    0.93320495E+01  0.53351828E+01  0.10401226E+01 -0.19991335E+00
 1862000    0.93415173E+01  0.53324455E+01  0.10403744E+01 -0.19938718E+00
 1864000    0.93509809E+01  0.53297118E+01  0.10406387E+01 -0.19886358E+00
 1866000    0.93604401E+01  0.53269820E+01  0.10409157E+01 -0.19834262E+00
 1868000    0.93698950E+01  0.53242562E+01  0.10412053E+01 -0.19782441E+00
 1870000    0.93793453E+01  0.53215347E+01  0.10415075E+01 -0.19730904E+00
 1872000    0.93887908E+01  0.53188177E+01  0.10418223E+01 -0.19679660E+00
 1874000    0.93982315E+01  0.53161055E+01  0.10421497E+01 -0.19628719E+00
 1876000    0.94076673E+01  0.53133983E+01  0.10424896E+01 -0.19578090E+00
 1878000    0.94170979E+01  0.53106964E+01  0.10428420E+01 -0.19527782E+00
 1880000    0.94265232E+01  0.53079999E+01  0.10432069E+01 -0.19477805E+00
 1882000    0.94359431E+01  0.53053091E+01  0.10435842E+01 -0.19428169E+00
 1884000    0.94453575E+01  0.53026242E+01  0.10439740E+01 -0.19378884E+00
 1886000    0.94547663E+01  0.52999455E+01  0.10443762E+01 -0.19329958E+00
 1888000    0.94641693E+01  0.52972731E+01  0.10447908E+01 -0.19281403E+00
 1890000    0.94735663E+01  0.52946072E+01  0.10452177E+01 -0.19233227E+00
 1892000    0.94829573E+01  0.52919481E+01  0.10456570E+01 -0.19185440E+00
 1894000    0.94923421E+01  0.52892960E+01  0.10461085E+01 -0.19138053E+00
 1896000    0.95017206E+01  0.52866510E+01  0.10465722E+01 -0.19091075E+00
 1898000    0.95110927E+01  0.52840133E+01  0.10470481E+01 -0.19044516E+00
 1900000    0.95204582E+01  0.52813832E+01  0.10475362E+01 -0.18998387E+00
 1902000    0.95298170E+01  0.52787607E+01  0.10480364E+01 -0.18952696E+00
 1904000    0.95391691E+01  0.52761460E+01  0.10485486E+01 -0.18907455E+00
 1906000    0.95485142E+01  0.52735393E+01  0.10490728E+01 -0.18862673E+00
 1908000    0.95578523E+01  0.52709407E+01  0.10496090E+01 -0.18818360E+00
 1910000    0.95671832E+01  0.52683503E+01  0.10501571E+01 -0.18774527E+00
 1912000    0.95765069E+01  0.52657684E+01  0.10507170E+01 -0.18731183E+00
 1914000    0.95858231E+01  0.52631949E+01  0.10512887E+01 -0.18688339E+00
 1916000    0.95951319E+01  0.52606300E+01  0.10518721E+01 -0.18646004E+00
 1918000    0.96044330E+01  0.52580738E+01  0.10524671E+01 -0.18604189E+00
 1920000    0.96137264E+01  0.52555264E+01  0.10530738E+01 -0.18562905E+00
 1922000    0.96230120E+01  0.52529878E+01  0.10536919E+01 -0.18522160E+00
 1924000    0.96322897E+01  0.52504581E+01  0.10543215E+01 -0.18481966E+00
 1926000    0.96415593E+01  0.52479374E+01  0.10549625E+01 -0.18442332E+00
 1928000    0.96508207E+01  0.52454257E+01  0.10556147E+01 -0.18403268E+00
 1930000    0.96600739E+01  0.52429231E+01  0.10562782E+01 -0.18364785E+00
 1932000    0.96693187E+01  0.52404295E+01  0.10569528E+01 -0.18326893E+00
 1934000    0.96785551E+01  0.52379451E+01  0.10576385E+01 -0.18289601E+00
 1936000    0.96877829E+01  0.52354697E+01  0.10583351E+01 -0.18252920E+00
 1938000    0.96970021E+01  0.52330034E+01  0.10590426E+01 -0.18216859E+00
 1940000    0.97062125E+01  0.52305462E+01  0.10597609E+01 -0.18181429E+00
 1942000    0.97154141E+01  0.52280981E+01  0.10604899E+01 -0.18146639E+00
 1944000    0.97246068E+01  0.52256590E+01  0.10612295E+01 -0.18112500E+00
 1946000    0.97337904E+01  0.52232289E+01  0.10619796E+01 -0.18079020E+00
 1948000    0.97429649E+01  0.52208078E+01  0.10627401E+01 -0.18046211E+00
 1950000    0.97521302E+01  0.52183956E+01  0.10635110E+01 -0.18014081E+00
 1952000    0.97612863E+01  0.52159922E+01  0.10642920E+01 -0.17982640E+00
 1954000    0.97704330E+01  0.52135977E+01  0.10650832E+01 -0.17951898E+00
 1956000    0.97795702E+01  0.52112118E+01  0.10658844E+01 -0.17921864E+00
 1958000    0.97886979E+01  0.52088346E+01  0.10666954E+01 -0.17892548E+00
 1960000    0.97978161E+01  0.52064659E+01  0.10675163E+01 -0.17863959E+00
 1962000    0.98069245E+01  0.52041056E+01  0.10683468E+01 -0.17836107E+00
 1964000    0.98160232E+01  0.52017537E+01  0.10691869E+01 -0.17809000E+00
 1966000    0.98251121E+01  0.51994101E+01  0.10700365E+01 -0.17782648E+00
 1968000    0.98341911E+01  0.51970746E+01  0.10708954E+01 -0.17757061E+00
 1970000    0.98432601E+01  0.51947472E+01  0.10717635E+01 -0.17732247E+00
 1972000    0.98523191E+01  0.51924277E+01  0.10726408E+01 -0.17708215E+00
 1974000    0.98613680E+01  0.51901161E+01  0.10735270E+01 -0.17684973E+00
 1976000    0.98704068E+01  0.51878121E+01  0.10744221E+01 -0.17662532E+00
 1978000    0.98794353E+01  0.51855157E+01  0.10753260E+01 -0.17640900E+00
 1980000    0.98884536E+01  0.51832268E+01  0.10762385E+01 -0.17620084E+00
 1982000    0.98974615E+01  0.51809452E+01  0.10771596E+01 -0.17600094E+00
 1984000    0.99064590E+01  0.51786709E+01  0.10780890E+01 -0.17580939E+00
 1986000    0.99154461E+01  0.51764036E+01  0.10790267E+01 -0.17562626E+00
 1988000    0.99244227E+01  0.51741433E+01  0.10799725E+01 -0.17545165E+00
 1990000    0.99333888E+01  0.51718898E+01  0.10809264E+01 -0.17528562E+00
 1992000    0.99423443E+01  0.51696431E+01  0.10818882E+01 -0.17512827E+00
 1994000    0.99512891E+01  0.51674029E+01  0.10828577E+01 -0.17497968E+00
 1996000    0.99602233E+01  0.51651692E+01  0.10838348E+01 -0.17483991E+00
 1998000    0.99691467E+01  0.51629419E+01  0.10848195E+01 -0.17470907E+00
 2000000    0.99780593E+01  0.51607207E+01  0.10858116E+01 -0.17458721E+00
