Euler Method. # steps = 1000, dt =  1.00000E-02, zip = 1
# total execution time =      0.989 sec
# steps =       1000, dt =   1.0000E-02, zip =          1
    0.000000  0.15000000E+001 -0.50000000E+000  0.00000000E+000
    0.010000  0.15000000E+001 -0.49292893E+000  0.47140451E-002
    0.020000  0.15000000E+001 -0.48585786E+000  0.94280902E-002
    0.030000  0.15000000E+001 -0.47878680E+000  0.14142135E-001
    0.040000  0.15000000E+001 -0.47171573E+000  0.18856180E-001
    0.050000  0.15000000E+001 -0.46464466E+000  0.23570226E-001
    0.060000  0.15000000E+001 -0.45757359E+000  0.28284271E-001
    0.070000  0.15000000E+001 -0.45050253E+000  0.32998316E-001
    0.080000  0.15000000E+001 -0.44343146E+000  0.37712361E-001
    0.090000  0.15000000E+001 -0.43636039E+000  0.42426406E-001
    0.100000  0.15000000E+001 -0.42928932E+000  0.47140451E-001
    0.110000  0.15000000E+001 -0.42221826E+000  0.51854496E-001
    0.120000  0.15000000E+001 -0.41514719E+000  0.56568541E-001
    0.130000  0.15000000E+001 -0.40807612E+000  0.61282586E-001
    0.140000  0.15000000E+001 -0.40100505E+000  0.65996631E-001
    0.150000  0.15000000E+001 -0.39393399E+000  0.70710677E-001
    0.160000  0.15000000E+001 -0.38686292E+000  0.75424722E-001
    0.170000  0.15000000E+001 -0.37979185E+000  0.80138767E-001
    0.180000  0.15000000E+001 -0.37272078E+000  0.84852812E-001
    0.190000  0.15000000E+001 -0.36564971E+000  0.89566857E-001
    0.200000  0.15000000E+001 -0.35857865E+000  0.94280902E-001
    0.210000  0.15000000E+001 -0.35150758E+000  0.98994947E-001
    0.220000  0.15000000E+001 -0.34443651E+000  0.10370899E+000
    0.230000  0.15000000E+001 -0.33736544E+000  0.10842304E+000
    0.240000  0.15000000E+001 -0.33029438E+000  0.11313708E+000
    0.250000  0.15000000E+001 -0.32322331E+000  0.11785113E+000
    0.260000  0.15000000E+001 -0.31615224E+000  0.12256517E+000
    0.270000  0.15000000E+001 -0.30908117E+000  0.12727922E+000
    0.280000  0.15000000E+001 -0.30201011E+000  0.13199326E+000
    0.290000  0.15000000E+001 -0.29493904E+000  0.13670731E+000
    0.300000  0.15000000E+001 -0.28786797E+000  0.14142135E+000
    0.310000  0.15000000E+001 -0.28079690E+000  0.14613540E+000
    0.320000  0.15000000E+001 -0.27372584E+000  0.15084944E+000
    0.330000  0.15000000E+001 -0.26665477E+000  0.15556349E+000
    0.340000  0.15000000E+001 -0.25958370E+000  0.16027753E+000
    0.350000  0.15000000E+001 -0.25251263E+000  0.16499158E+000
    0.360000  0.15000000E+001 -0.24544156E+000  0.16970562E+000
    0.370000  0.15000000E+001 -0.23837050E+000  0.17441967E+000
    0.380000  0.15000000E+001 -0.23129943E+000  0.17913371E+000
    0.390000  0.15000000E+001 -0.22422836E+000  0.18384776E+000
    0.400000  0.15000000E+001 -0.21715729E+000  0.18856180E+000
    0.410000  0.15000000E+001 -0.21008623E+000  0.19327585E+000
    0.420000  0.15000000E+001 -0.20301516E+000  0.19798989E+000
    0.430000  0.15000000E+001 -0.19594409E+000  0.20270394E+000
    0.440000  0.15000000E+001 -0.18887302E+000  0.20741798E+000
    0.450000  0.15000000E+001 -0.18180196E+000  0.21213203E+000
    0.460000  0.15000000E+001 -0.17473089E+000  0.21684607E+000
    0.470000  0.15000000E+001 -0.16765982E+000  0.22156012E+000
    0.480000  0.15000000E+001 -0.16058875E+000  0.22627416E+000
    0.490000  0.15000000E+001 -0.15351768E+000  0.23098821E+000
    0.500000  0.15000000E+001 -0.14644662E+000  0.23570226E+000
    0.510000  0.15000000E+001 -0.13937555E+000  0.24041630E+000
    0.520000  0.15000000E+001 -0.13230448E+000  0.24513035E+000
    0.530000  0.15000000E+001 -0.12523341E+000  0.24984439E+000
    0.540000  0.15000000E+001 -0.11816235E+000  0.25455844E+000
    0.550000  0.15000000E+001 -0.11109128E+000  0.25927248E+000
    0.560000  0.15000000E+001 -0.10402021E+000  0.26398653E+000
    0.570000  0.15000000E+001 -0.96949144E-001  0.26870057E+000
    0.580000  0.15000000E+001 -0.89878076E-001  0.27341462E+000
    0.590000  0.15000000E+001 -0.82807008E-001  0.27812866E+000
    0.600000  0.15000000E+001 -0.75735941E-001  0.28284271E+000
    0.610000  0.15000000E+001 -0.68664873E-001  0.28755675E+000
    0.620000  0.15000000E+001 -0.61593805E-001  0.29227080E+000
    0.630000  0.15000000E+001 -0.54522738E-001  0.29698484E+000
    0.640000  0.15000000E+001 -0.47451670E-001  0.30169889E+000
    0.650000  0.15000000E+001 -0.40380603E-001  0.30641293E+000
    0.660000  0.15000000E+001 -0.33309535E-001  0.31112698E+000
    0.670000  0.15000000E+001 -0.26238467E-001  0.31584102E+000
    0.680000  0.15000000E+001 -0.19167400E-001  0.32055507E+000
    0.690000  0.15000000E+001 -0.12096332E-001  0.32526911E+000
    0.700000  0.15000000E+001 -0.50252642E-002  0.32998316E+000
    0.710000  0.15000000E+001  0.20458034E-002  0.33469720E+000
    0.720000  0.15000000E+001  0.91168711E-002  0.33941125E+000
    0.730000  0.15000000E+001  0.16187939E-001  0.34412529E+000
    0.740000  0.15000000E+001  0.23259006E-001  0.34883934E+000
    0.750000  0.15000000E+001  0.30330074E-001  0.35355338E+000
    0.760000  0.15000000E+001  0.37401142E-001  0.35826743E+000
    0.770000  0.15000000E+001  0.44472209E-001  0.36298147E+000
    0.780000  0.15000000E+001  0.51543277E-001  0.36769552E+000
    0.790000  0.15000000E+001  0.58614345E-001  0.37240956E+000
    0.800000  0.15000000E+001  0.65685412E-001  0.37712361E+000
    0.810000  0.15000000E+001  0.72756480E-001  0.38183765E+000
    0.820000  0.15000000E+001  0.79827548E-001  0.38655170E+000
    0.830000  0.15000000E+001  0.86898615E-001  0.39126574E+000
    0.840000  0.15000000E+001  0.93969683E-001  0.39597979E+000
    0.850000  0.15000000E+001  0.10104075E+000  0.40069383E+000
    0.860000  0.15000000E+001  0.10811182E+000  0.40540788E+000
    0.870000  0.15000000E+001  0.11518289E+000  0.41012192E+000
    0.880000  0.15000000E+001  0.12225395E+000  0.41483597E+000
    0.890000  0.15000000E+001  0.12932502E+000  0.41955001E+000
    0.900000  0.15000000E+001  0.13639609E+000  0.42426406E+000
    0.910000  0.15000000E+001  0.14346716E+000  0.42897810E+000
    0.920000  0.15000000E+001  0.15053822E+000  0.43369215E+000
    0.930000  0.15000000E+001  0.15760929E+000  0.43840619E+000
    0.940000  0.15000000E+001  0.16468036E+000  0.44312024E+000
    0.950000  0.15000000E+001  0.17175143E+000  0.44783428E+000
    0.960000  0.15000000E+001  0.17882249E+000  0.45254833E+000
    0.970000  0.15000000E+001  0.18589356E+000  0.45726237E+000
    0.980000  0.15000000E+001  0.19296463E+000  0.46197642E+000
    0.990000  0.15000000E+001  0.20003570E+000  0.46669047E+000
    1.000000  0.15000000E+001  0.20710677E+000  0.47140451E+000
    1.010000  0.15000000E+001  0.21417783E+000  0.47611856E+000
    1.020000  0.15000000E+001  0.22124890E+000  0.48083260E+000
    1.030000  0.15000000E+001  0.22831997E+000  0.48554665E+000
    1.040000  0.15000000E+001  0.23539104E+000  0.49026069E+000
    1.050000  0.15000000E+001  0.24246210E+000  0.49497474E+000
    1.060000  0.15000000E+001  0.24953317E+000  0.49968878E+000
    1.070000  0.15000000E+001  0.25660424E+000  0.50440283E+000
    1.080000  0.15000000E+001  0.26367531E+000  0.50911687E+000
    1.090000  0.15000000E+001  0.27074637E+000  0.51383092E+000
    1.100000  0.15000000E+001  0.27781744E+000  0.51854496E+000
    1.110000  0.15000000E+001  0.28488851E+000  0.52325901E+000
    1.120000  0.15000000E+001  0.29195958E+000  0.52797305E+000
    1.130000  0.15000000E+001  0.29903064E+000  0.53268710E+000
    1.140000  0.15000000E+001  0.30610171E+000  0.53740114E+000
    1.150000  0.15000000E+001  0.31317278E+000  0.54211519E+000
    1.160000  0.15000000E+001  0.32024385E+000  0.54682923E+000
    1.170000  0.15000000E+001  0.32731492E+000  0.55154328E+000
    1.180000  0.15000000E+001  0.33438598E+000  0.55625732E+000
    1.190000  0.15000000E+001  0.34145705E+000  0.56097137E+000
    1.200000  0.15000000E+001  0.34852812E+000  0.56568541E+000
    1.210000  0.15000000E+001  0.35559919E+000  0.57039946E+000
    1.220000  0.15000000E+001  0.36267025E+000  0.57511350E+000
    1.230000  0.15000000E+001  0.36974132E+000  0.57982755E+000
    1.240000  0.15000000E+001  0.37681239E+000  0.58454159E+000
    1.250000  0.15000000E+001  0.38388346E+000  0.58925564E+000
    1.260000  0.15000000E+001  0.39095452E+000  0.59396968E+000
    1.270000  0.15000000E+001  0.39802559E+000  0.59868373E+000
    1.280000  0.15000000E+001  0.40509666E+000  0.60339777E+000
    1.290000  0.15000000E+001  0.41216773E+000  0.60811182E+000
    1.300000  0.15000000E+001  0.41923879E+000  0.61282586E+000
    1.310000  0.15000000E+001  0.42630986E+000  0.61753991E+000
    1.320000  0.15000000E+001  0.43338093E+000  0.62225395E+000
    1.330000  0.15000000E+001  0.44045200E+000  0.62696800E+000
    1.340000  0.15000000E+001  0.44752307E+000  0.63168204E+000
    1.350000  0.15000000E+001  0.45459413E+000  0.63639609E+000
    1.360000  0.15000000E+001  0.46166520E+000  0.64111013E+000
    1.370000  0.15000000E+001  0.46873627E+000  0.64582418E+000
    1.380000  0.15000000E+001  0.47580734E+000  0.65053822E+000
    1.390000  0.15000000E+001  0.48287840E+000  0.65525227E+000
    1.400000  0.15000000E+001  0.48994947E+000  0.65996631E+000
    1.410000  0.15000000E+001  0.49702054E+000  0.66468036E+000
    1.420000  0.15000000E+001  0.50409161E+000  0.66939440E+000
    1.430000  0.15000000E+001  0.51116267E+000  0.67410845E+000
    1.440000  0.15000000E+001  0.51823374E+000  0.67882249E+000
    1.450000  0.15000000E+001  0.52530481E+000  0.68353654E+000
    1.460000  0.15000000E+001  0.53237588E+000  0.68825058E+000
    1.470000  0.15000000E+001  0.53944695E+000  0.69296463E+000
    1.480000  0.15000000E+001  0.54651801E+000  0.69767868E+000
    1.490000  0.15000000E+001  0.55358908E+000  0.70239272E+000
    1.500000  0.15000000E+001  0.56066015E+000  0.70710677E+000
    1.510000  0.15000000E+001  0.56773122E+000  0.71182081E+000
    1.520000  0.15000000E+001  0.57480228E+000  0.71653486E+000
    1.530000  0.15000000E+001  0.58187335E+000  0.72124890E+000
    1.540000  0.15000000E+001  0.58894442E+000  0.72596295E+000
    1.550000  0.15000000E+001  0.59601549E+000  0.73067699E+000
    1.560000  0.15000000E+001  0.60308655E+000  0.73539104E+000
    1.570000  0.15000000E+001  0.61015762E+000  0.74010508E+000
    1.580000  0.15000000E+001  0.61722869E+000  0.74481913E+000
    1.590000  0.15000000E+001  0.62429976E+000  0.74953317E+000
    1.600000  0.15000000E+001  0.63137082E+000  0.75424722E+000
    1.610000  0.15000000E+001  0.63844189E+000  0.75896126E+000
    1.620000  0.15000000E+001  0.64551296E+000  0.76367531E+000
    1.630000  0.15000000E+001  0.65258403E+000  0.76838935E+000
    1.640000  0.15000000E+001  0.65965510E+000  0.77310340E+000
    1.650000  0.15000000E+001  0.66672616E+000  0.77781744E+000
    1.660000  0.15000000E+001  0.67379723E+000  0.78253149E+000
    1.670000  0.15000000E+001  0.68086830E+000  0.78724553E+000
    1.680000  0.15000000E+001  0.68793937E+000  0.79195958E+000
    1.690000  0.15000000E+001  0.69501043E+000  0.79667362E+000
    1.700000  0.15000000E+001  0.70208150E+000  0.80138767E+000
    1.710000  0.15000000E+001  0.70915257E+000  0.80610171E+000
    1.720000  0.15000000E+001  0.71622364E+000  0.81081576E+000
    1.730000  0.15000000E+001  0.72329470E+000  0.81552980E+000
    1.740000  0.15000000E+001  0.73036577E+000  0.82024385E+000
    1.750000  0.15000000E+001  0.73743684E+000  0.82495789E+000
    1.760000  0.15000000E+001  0.74450791E+000  0.82967194E+000
    1.770000  0.15000000E+001  0.75157897E+000  0.83438598E+000
    1.780000  0.15000000E+001  0.75865004E+000  0.83910003E+000
    1.790000  0.15000000E+001  0.76572111E+000  0.84381407E+000
    1.800000  0.15000000E+001  0.77279218E+000  0.84852812E+000
    1.810000  0.15000000E+001  0.77986325E+000  0.85324216E+000
    1.820000  0.15000000E+001  0.78693431E+000  0.85795621E+000
    1.830000  0.15000000E+001  0.79400538E+000  0.86267025E+000
    1.840000  0.15000000E+001  0.80107645E+000  0.86738430E+000
    1.850000  0.15000000E+001  0.80814752E+000  0.87209834E+000
    1.860000  0.15000000E+001  0.81521858E+000  0.87681239E+000
    1.870000  0.15000000E+001  0.82228965E+000  0.88152643E+000
    1.880000  0.15000000E+001  0.82936072E+000  0.88624048E+000
    1.890000  0.15000000E+001  0.83643179E+000  0.89095452E+000
    1.900000  0.15000000E+001  0.84350285E+000  0.89566857E+000
    1.910000  0.15000000E+001  0.85057392E+000  0.90038261E+000
    1.920000  0.15000000E+001  0.85764499E+000  0.90509666E+000
    1.930000  0.15000000E+001  0.86471606E+000  0.90981070E+000
    1.940000  0.15000000E+001  0.87178712E+000  0.91452475E+000
    1.950000  0.15000000E+001  0.87885819E+000  0.91923879E+000
    1.960000  0.15000000E+001  0.88592926E+000  0.92395284E+000
    1.970000  0.15000000E+001  0.89300033E+000  0.92866689E+000
    1.980000  0.15000000E+001  0.90007140E+000  0.93338093E+000
    1.990000  0.15000000E+001  0.90714246E+000  0.93809498E+000
    2.000000  0.15000000E+001  0.91421353E+000  0.94280902E+000
    2.010000  0.15000000E+001  0.92128460E+000  0.94752307E+000
    2.020000  0.15000000E+001  0.92835567E+000  0.95223711E+000
    2.030000  0.15000000E+001  0.93542673E+000  0.95695116E+000
    2.040000  0.15000000E+001  0.94249780E+000  0.96166520E+000
    2.050000  0.15000000E+001  0.94956887E+000  0.96637925E+000
    2.060000  0.15000000E+001  0.95663994E+000  0.97109329E+000
    2.070000  0.15000000E+001  0.96371100E+000  0.97580734E+000
    2.080000  0.15000000E+001  0.97078207E+000  0.98052138E+000
    2.090000  0.15000000E+001  0.97785314E+000  0.98523543E+000
    2.100000  0.15000000E+001  0.98492421E+000  0.98994947E+000
    2.110000  0.15000000E+001  0.99199527E+000  0.99466352E+000
    2.120000  0.15000000E+001  0.99906634E+000  0.99937756E+000
    2.130000  0.15000000E+001  0.10061374E+001  0.10040916E+001
    2.140000  0.15000000E+001  0.10132085E+001  0.10088057E+001
    2.150000  0.15000000E+001  0.10202795E+001  0.10135197E+001
    2.160000  0.15000000E+001  0.10273506E+001  0.10182337E+001
    2.170000  0.15000000E+001  0.10344217E+001  0.10229478E+001
    2.180000  0.15000000E+001  0.10414927E+001  0.10276618E+001
    2.190000  0.15000000E+001  0.10485638E+001  0.10323759E+001
    2.200000  0.15000000E+001  0.10556349E+001  0.10370899E+001
    2.210000  0.15000000E+001  0.10627060E+001  0.10418040E+001
    2.220000  0.15000000E+001  0.10697770E+001  0.10465180E+001
    2.230000  0.15000000E+001  0.10768481E+001  0.10512321E+001
    2.240000  0.15000000E+001  0.10839192E+001  0.10559461E+001
    2.250000  0.15000000E+001  0.10909902E+001  0.10606601E+001
    2.260000  0.15000000E+001  0.10980613E+001  0.10653742E+001
    2.270000  0.15000000E+001  0.11051324E+001  0.10700882E+001
    2.280000  0.15000000E+001  0.11122034E+001  0.10748023E+001
    2.290000  0.15000000E+001  0.11192745E+001  0.10795163E+001
    2.300000  0.15000000E+001  0.11263456E+001  0.10842304E+001
    2.310000  0.15000000E+001  0.11334166E+001  0.10889444E+001
    2.320000  0.15000000E+001  0.11404877E+001  0.10936585E+001
    2.330000  0.15000000E+001  0.11475588E+001  0.10983725E+001
    2.340000  0.15000000E+001  0.11546298E+001  0.11030866E+001
    2.350000  0.15000000E+001  0.11617009E+001  0.11078006E+001
    2.360000  0.15000000E+001  0.11687720E+001  0.11125146E+001
    2.370000  0.15000000E+001  0.11758430E+001  0.11172287E+001
    2.380000  0.15000000E+001  0.11829141E+001  0.11219427E+001
    2.390000  0.15000000E+001  0.11899852E+001  0.11266568E+001
    2.400000  0.15000000E+001  0.11970562E+001  0.11313708E+001
    2.410000  0.15000000E+001  0.12041273E+001  0.11360849E+001
    2.420000  0.15000000E+001  0.12111984E+001  0.11407989E+001
    2.430000  0.15000000E+001  0.12182694E+001  0.11455130E+001
    2.440000  0.15000000E+001  0.12253405E+001  0.11502270E+001
    2.450000  0.15000000E+001  0.12324116E+001  0.11549411E+001
    2.460000  0.15000000E+001  0.12394826E+001  0.11596551E+001
    2.470000  0.15000000E+001  0.12465537E+001  0.11643691E+001
    2.480000  0.15000000E+001  0.12536248E+001  0.11690832E+001
    2.490000  0.15000000E+001  0.12606958E+001  0.11737972E+001
    2.500000  0.15000000E+001  0.12677669E+001  0.11785113E+001
    2.510000  0.15000000E+001  0.12748380E+001  0.11832253E+001
    2.520000  0.15000000E+001  0.12819090E+001  0.11879394E+001
    2.530000  0.15000000E+001  0.12889801E+001  0.11926534E+001
    2.540000  0.15000000E+001  0.12960512E+001  0.11973675E+001
    2.550000  0.15000000E+001  0.13031223E+001  0.12020815E+001
    2.560000  0.15000000E+001  0.13101933E+001  0.12067955E+001
    2.570000  0.15000000E+001  0.13172644E+001  0.12115096E+001
    2.580000  0.15000000E+001  0.13243355E+001  0.12162236E+001
    2.590000  0.15000000E+001  0.13314065E+001  0.12209377E+001
    2.600000  0.15000000E+001  0.13384776E+001  0.12256517E+001
    2.610000  0.15000000E+001  0.13455487E+001  0.12303658E+001
    2.620000  0.15000000E+001  0.13526197E+001  0.12350798E+001
    2.630000  0.15000000E+001  0.13596908E+001  0.12397939E+001
    2.640000  0.15000000E+001  0.13667619E+001  0.12445079E+001
    2.650000  0.15000000E+001  0.13738329E+001  0.12492220E+001
    2.660000  0.15000000E+001  0.13809040E+001  0.12539360E+001
    2.670000  0.15000000E+001  0.13879751E+001  0.12586500E+001
    2.680000  0.15000000E+001  0.13950461E+001  0.12633641E+001
    2.690000  0.15000000E+001  0.14021172E+001  0.12680781E+001
    2.700000  0.15000000E+001  0.14091883E+001  0.12727922E+001
    2.710000  0.15000000E+001  0.14162593E+001  0.12775062E+001
    2.720000  0.15000000E+001  0.14233304E+001  0.12822203E+001
    2.730000  0.15000000E+001  0.14304015E+001  0.12869343E+001
    2.740000  0.15000000E+001  0.14374725E+001  0.12916484E+001
    2.750000  0.15000000E+001  0.14445436E+001  0.12963624E+001
    2.760000  0.15000000E+001  0.14516147E+001  0.13010764E+001
    2.770000  0.15000000E+001  0.14586857E+001  0.13057905E+001
    2.780000  0.15000000E+001  0.14657568E+001  0.13105045E+001
    2.790000  0.15000000E+001  0.14728279E+001  0.13152186E+001
    2.800000  0.15000000E+001  0.14798989E+001  0.13199326E+001
    2.810000  0.15000000E+001  0.14869700E+001  0.13246467E+001
    2.820000  0.15000000E+001  0.14940411E+001  0.13293607E+001
    2.830000  0.15000000E+001  0.15011121E+001  0.13340748E+001
    2.840000  0.15000000E+001  0.15081832E+001  0.13387888E+001
    2.850000  0.15000000E+001  0.15152543E+001  0.13435029E+001
    2.860000  0.15000000E+001  0.15223253E+001  0.13482169E+001
    2.870000  0.15000000E+001  0.15293964E+001  0.13529309E+001
    2.880000  0.15000000E+001  0.15364675E+001  0.13576450E+001
    2.890000  0.15000000E+001  0.15435386E+001  0.13623590E+001
    2.900000  0.15000000E+001  0.15506096E+001  0.13670731E+001
    2.910000  0.15000000E+001  0.15576807E+001  0.13717871E+001
    2.920000  0.15000000E+001  0.15647518E+001  0.13765012E+001
    2.930000  0.15000000E+001  0.15718228E+001  0.13812152E+001
    2.940000  0.15000000E+001  0.15788939E+001  0.13859293E+001
    2.950000  0.15000000E+001  0.15859650E+001  0.13906433E+001
    2.960000  0.15000000E+001  0.15930360E+001  0.13953574E+001
    2.970000  0.15000000E+001  0.16001071E+001  0.14000714E+001
    2.980000  0.15000000E+001  0.16071782E+001  0.14047854E+001
    2.990000  0.15000000E+001  0.16142492E+001  0.14094995E+001
    3.000000  0.15000000E+001  0.16213203E+001  0.14142135E+001
    3.010000  0.15000000E+001  0.16283914E+001  0.14189276E+001
    3.020000  0.15000000E+001  0.16354624E+001  0.14236416E+001
    3.030000  0.15000000E+001  0.16425335E+001  0.14283557E+001
    3.040000  0.15000000E+001  0.16496046E+001  0.14330697E+001
    3.050000  0.15000000E+001  0.16566756E+001  0.14377838E+001
    3.060000  0.15000000E+001  0.16637467E+001  0.14424978E+001
    3.070000  0.15000000E+001  0.16708178E+001  0.14472118E+001
    3.080000  0.15000000E+001  0.16778888E+001  0.14519259E+001
    3.090000  0.15000000E+001  0.16849599E+001  0.14566399E+001
    3.100000  0.15000000E+001  0.16920310E+001  0.14613540E+001
    3.110000  0.15000000E+001  0.16991020E+001  0.14660680E+001
    3.120000  0.15000000E+001  0.17061731E+001  0.14707821E+001
    3.130000  0.15000000E+001  0.17132442E+001  0.14754961E+001
    3.140000  0.15000000E+001  0.17203152E+001  0.14802102E+001
    3.150000  0.15000000E+001  0.17273863E+001  0.14849242E+001
    3.160000  0.15000000E+001  0.17344574E+001  0.14896383E+001
    3.170000  0.15000000E+001  0.17415284E+001  0.14943523E+001
    3.180000  0.15000000E+001  0.17485995E+001  0.14990663E+001
    3.190000  0.15000000E+001  0.17556706E+001  0.15037804E+001
    3.200000  0.15000000E+001  0.17627416E+001  0.15084944E+001
    3.210000  0.15000000E+001  0.17698127E+001  0.15132085E+001
    3.220000  0.15000000E+001  0.17768838E+001  0.15179225E+001
    3.230000  0.15000000E+001  0.17839549E+001  0.15226366E+001
    3.240000  0.15000000E+001  0.17910259E+001  0.15273506E+001
    3.250000  0.15000000E+001  0.17980970E+001  0.15320647E+001
    3.260000  0.15000000E+001  0.18051681E+001  0.15367787E+001
    3.270000  0.15000000E+001  0.18122391E+001  0.15414927E+001
    3.280000  0.15000000E+001  0.18193102E+001  0.15462068E+001
    3.290000  0.15000000E+001  0.18263813E+001  0.15509208E+001
    3.300000  0.15000000E+001  0.18334523E+001  0.15556349E+001
    3.310000  0.15000000E+001  0.18405234E+001  0.15603489E+001
    3.320000  0.15000000E+001  0.18475945E+001  0.15650630E+001
    3.330000  0.15000000E+001  0.18546655E+001  0.15697770E+001
    3.340000  0.15000000E+001  0.18617366E+001  0.15744911E+001
    3.350000  0.15000000E+001  0.18688077E+001  0.15792051E+001
    3.360000  0.15000000E+001  0.18758787E+001  0.15839192E+001
    3.370000  0.15000000E+001  0.18829498E+001  0.15886332E+001
    3.380000  0.15000000E+001  0.18900209E+001  0.15933472E+001
    3.390000  0.15000000E+001  0.18970919E+001  0.15980613E+001
    3.400000  0.15000000E+001  0.19041630E+001  0.16027753E+001
    3.410000  0.15000000E+001  0.19112341E+001  0.16074894E+001
    3.420000  0.15000000E+001  0.19183051E+001  0.16122034E+001
    3.430000  0.15000000E+001  0.19253762E+001  0.16169175E+001
    3.440000  0.15000000E+001  0.19324473E+001  0.16216315E+001
    3.450000  0.15000000E+001  0.19395183E+001  0.16263456E+001
    3.460000  0.15000000E+001  0.19465894E+001  0.16310596E+001
    3.470000  0.15000000E+001  0.19536605E+001  0.16357737E+001
    3.480000  0.15000000E+001  0.19607315E+001  0.16404877E+001
    3.490000  0.15000000E+001  0.19678026E+001  0.16452017E+001
    3.500000  0.15000000E+001  0.19748737E+001  0.16499158E+001
    3.510000  0.15000000E+001  0.19819447E+001  0.16546298E+001
    3.520000  0.15000000E+001  0.19890158E+001  0.16593439E+001
    3.530000  0.15000000E+001  0.19960869E+001  0.16640579E+001
    3.540000  0.15000000E+001  0.20031579E+001  0.16687720E+001
    3.550000  0.15000000E+001  0.20102290E+001  0.16734860E+001
    3.560000  0.15000000E+001  0.20173001E+001  0.16782001E+001
    3.570000  0.15000000E+001  0.20243712E+001  0.16829141E+001
    3.580000  0.15000000E+001  0.20314422E+001  0.16876281E+001
    3.590000  0.15000000E+001  0.20385133E+001  0.16923422E+001
    3.600000  0.15000000E+001  0.20455844E+001  0.16970562E+001
    3.610000  0.15000000E+001  0.20526554E+001  0.17017703E+001
    3.620000  0.15000000E+001  0.20597265E+001  0.17064843E+001
    3.630000  0.15000000E+001  0.20667976E+001  0.17111984E+001
    3.640000  0.15000000E+001  0.20738686E+001  0.17159124E+001
    3.650000  0.15000000E+001  0.20809397E+001  0.17206265E+001
    3.660000  0.15000000E+001  0.20880108E+001  0.17253405E+001
    3.670000  0.15000000E+001  0.20950818E+001  0.17300546E+001
    3.680000  0.15000000E+001  0.21021529E+001  0.17347686E+001
    3.690000  0.15000000E+001  0.21092240E+001  0.17394826E+001
    3.700000  0.15000000E+001  0.21162950E+001  0.17441967E+001
    3.710000  0.15000000E+001  0.21233661E+001  0.17489107E+001
    3.720000  0.15000000E+001  0.21304372E+001  0.17536248E+001
    3.730000  0.15000000E+001  0.21375082E+001  0.17583388E+001
    3.740000  0.15000000E+001  0.21445793E+001  0.17630529E+001
    3.750000  0.15000000E+001  0.21516504E+001  0.17677669E+001
    3.760000  0.15000000E+001  0.21587214E+001  0.17724810E+001
    3.770000  0.15000000E+001  0.21657925E+001  0.17771950E+001
    3.780000  0.15000000E+001  0.21728636E+001  0.17819090E+001
    3.790000  0.15000000E+001  0.21799346E+001  0.17866231E+001
    3.800000  0.15000000E+001  0.21870057E+001  0.17913371E+001
    3.810000  0.15000000E+001  0.21940768E+001  0.17960512E+001
    3.820000  0.15000000E+001  0.22011478E+001  0.18007652E+001
    3.830000  0.15000000E+001  0.22082189E+001  0.18054793E+001
    3.840000  0.15000000E+001  0.22152900E+001  0.18101933E+001
    3.850000  0.15000000E+001  0.22223610E+001  0.18149074E+001
    3.860000  0.15000000E+001  0.22294321E+001  0.18196214E+001
    3.870000  0.15000000E+001  0.22365032E+001  0.18243355E+001
    3.880000  0.15000000E+001  0.22435742E+001  0.18290495E+001
    3.890000  0.15000000E+001  0.22506453E+001  0.18337635E+001
    3.900000  0.15000000E+001  0.22577164E+001  0.18384776E+001
    3.910000  0.15000000E+001  0.22647875E+001  0.18431916E+001
    3.920000  0.15000000E+001  0.22718585E+001  0.18479057E+001
    3.930000  0.15000000E+001  0.22789296E+001  0.18526197E+001
    3.940000  0.15000000E+001  0.22860007E+001  0.18573338E+001
    3.950000  0.15000000E+001  0.22930717E+001  0.18620478E+001
    3.960000  0.15000000E+001  0.23001428E+001  0.18667619E+001
    3.970000  0.15000000E+001  0.23072139E+001  0.18714759E+001
    3.980000  0.15000000E+001  0.23142849E+001  0.18761900E+001
    3.990000  0.15000000E+001  0.23213560E+001  0.18809040E+001
    4.000000  0.15000000E+001  0.23284271E+001  0.18856180E+001
    4.010000  0.15000000E+001  0.23354981E+001  0.18903321E+001
    4.020000  0.15000000E+001  0.23425692E+001  0.18950461E+001
    4.030000  0.15000000E+001  0.23496403E+001  0.18997602E+001
    4.040000  0.15000000E+001  0.23567113E+001  0.19044742E+001
    4.050000  0.15000000E+001  0.23637824E+001  0.19091883E+001
    4.060000  0.15000000E+001  0.23708535E+001  0.19139023E+001
    4.070000  0.15000000E+001  0.23779245E+001  0.19186164E+001
    4.080000  0.15000000E+001  0.23849956E+001  0.19233304E+001
    4.090000  0.15000000E+001  0.23920667E+001  0.19280444E+001
    4.100000  0.15000000E+001  0.23991377E+001  0.19327585E+001
    4.110000  0.15000000E+001  0.24062088E+001  0.19374725E+001
    4.120000  0.15000000E+001  0.24132799E+001  0.19421866E+001
    4.130000  0.15000000E+001  0.24203509E+001  0.19469006E+001
    4.140000  0.15000000E+001  0.24274220E+001  0.19516147E+001
    4.150000  0.15000000E+001  0.24344931E+001  0.19563287E+001
    4.160000  0.15000000E+001  0.24415641E+001  0.19610428E+001
    4.170000  0.15000000E+001  0.24486352E+001  0.19657568E+001
    4.180000  0.15000000E+001  0.24557063E+001  0.19704709E+001
    4.190000  0.15000000E+001  0.24627773E+001  0.19751849E+001
    4.200000  0.15000000E+001  0.24698484E+001  0.19798989E+001
    4.210000  0.15000000E+001  0.24769195E+001  0.19846130E+001
    4.220000  0.15000000E+001  0.24839905E+001  0.19893270E+001
    4.230000  0.15000000E+001  0.24910616E+001  0.19940411E+001
    4.240000  0.15000000E+001  0.24981327E+001  0.19987551E+001
    4.250000  0.15000000E+001  0.25052038E+001  0.20034692E+001
    4.260000  0.15000000E+001  0.25122748E+001  0.20081832E+001
    4.270000  0.15000000E+001  0.25193459E+001  0.20128973E+001
    4.280000  0.15000000E+001  0.25264170E+001  0.20176113E+001
    4.290000  0.15000000E+001  0.25334880E+001  0.20223253E+001
    4.300000  0.15000000E+001  0.25405591E+001  0.20270394E+001
    4.310000  0.15000000E+001  0.25476302E+001  0.20317534E+001
    4.320000  0.15000000E+001  0.25547012E+001  0.20364675E+001
    4.330000  0.15000000E+001  0.25617723E+001  0.20411815E+001
    4.340000  0.15000000E+001  0.25688434E+001  0.20458956E+001
    4.350000  0.15000000E+001  0.25759144E+001  0.20506096E+001
    4.360000  0.15000000E+001  0.25829855E+001  0.20553237E+001
    4.370000  0.15000000E+001  0.25900566E+001  0.20600377E+001
    4.380000  0.15000000E+001  0.25971276E+001  0.20647518E+001
    4.390000  0.15000000E+001  0.26041987E+001  0.20694658E+001
    4.400000  0.15000000E+001  0.26112698E+001  0.20741798E+001
    4.410000  0.15000000E+001  0.26183408E+001  0.20788939E+001
    4.420000  0.15000000E+001  0.26254119E+001  0.20836079E+001
    4.430000  0.15000000E+001  0.26324830E+001  0.20883220E+001
    4.440000  0.15000000E+001  0.26395540E+001  0.20930360E+001
    4.450000  0.15000000E+001  0.26466251E+001  0.20977501E+001
    4.460000  0.15000000E+001  0.26536962E+001  0.21024641E+001
    4.470000  0.15000000E+001  0.26607672E+001  0.21071782E+001
    4.480000  0.15000000E+001  0.26678383E+001  0.21118922E+001
    4.490000  0.15000000E+001  0.26749094E+001  0.21166063E+001
    4.500000  0.15000000E+001  0.26819804E+001  0.21213203E+001
    4.510000  0.15000000E+001  0.26890515E+001  0.21260343E+001
    4.520000  0.15000000E+001  0.26961226E+001  0.21307484E+001
    4.530000  0.15000000E+001  0.27031936E+001  0.21354624E+001
    4.540000  0.15000000E+001  0.27102647E+001  0.21401765E+001
    4.550000  0.15000000E+001  0.27173358E+001  0.21448905E+001
    4.560000  0.15000000E+001  0.27244069E+001  0.21496046E+001
    4.570000  0.15000000E+001  0.27314779E+001  0.21543186E+001
    4.580000  0.15000000E+001  0.27385490E+001  0.21590327E+001
    4.590000  0.15000000E+001  0.27456201E+001  0.21637467E+001
    4.600000  0.15000000E+001  0.27526911E+001  0.21684607E+001
    4.610000  0.15000000E+001  0.27597622E+001  0.21731748E+001
    4.620000  0.15000000E+001  0.27668333E+001  0.21778888E+001
    4.630000  0.15000000E+001  0.27739043E+001  0.21826029E+001
    4.640000  0.15000000E+001  0.27809754E+001  0.21873169E+001
    4.650000  0.15000000E+001  0.27880465E+001  0.21920310E+001
    4.660000  0.15000000E+001  0.27951175E+001  0.21967450E+001
    4.670000  0.15000000E+001  0.28021886E+001  0.22014591E+001
    4.680000  0.15000000E+001  0.28092597E+001  0.22061731E+001
    4.690000  0.15000000E+001  0.28163307E+001  0.22108872E+001
    4.700000  0.15000000E+001  0.28234018E+001  0.22156012E+001
    4.710000  0.15000000E+001  0.28304729E+001  0.22203152E+001
    4.720000  0.15000000E+001  0.28375439E+001  0.22250293E+001
    4.730000  0.15000000E+001  0.28446150E+001  0.22297433E+001
    4.740000  0.15000000E+001  0.28516861E+001  0.22344574E+001
    4.750000  0.15000000E+001  0.28587571E+001  0.22391714E+001
    4.760000  0.15000000E+001  0.28658282E+001  0.22438855E+001
    4.770000  0.15000000E+001  0.28728993E+001  0.22485995E+001
    4.780000  0.15000000E+001  0.28799703E+001  0.22533136E+001
    4.790000  0.15000000E+001  0.28870414E+001  0.22580276E+001
    4.800000  0.15000000E+001  0.28941125E+001  0.22627416E+001
    4.810000  0.15000000E+001  0.29011835E+001  0.22674557E+001
    4.820000  0.15000000E+001  0.29082546E+001  0.22721697E+001
    4.830000  0.15000000E+001  0.29153257E+001  0.22768838E+001
    4.840000  0.15000000E+001  0.29223967E+001  0.22815978E+001
    4.850000  0.15000000E+001  0.29294678E+001  0.22863119E+001
    4.860000  0.15000000E+001  0.29365389E+001  0.22910259E+001
    4.870000  0.15000000E+001  0.29436099E+001  0.22957400E+001
    4.880000  0.15000000E+001  0.29506810E+001  0.23004540E+001
    4.890000  0.15000000E+001  0.29577521E+001  0.23051681E+001
    4.900000  0.15000000E+001  0.29648232E+001  0.23098821E+001
    4.910000  0.15000000E+001  0.29718942E+001  0.23145961E+001
    4.920000  0.15000000E+001  0.29789653E+001  0.23193102E+001
    4.930000  0.15000000E+001  0.29860364E+001  0.23240242E+001
    4.940000  0.15000000E+001  0.29931074E+001  0.23287383E+001
    4.950000  0.15000000E+001  0.30001785E+001  0.23334523E+001
    4.960000  0.15000000E+001  0.30072496E+001  0.23381664E+001
    4.970000  0.15000000E+001  0.30143206E+001  0.23428804E+001
    4.980000  0.15000000E+001  0.30213917E+001  0.23475945E+001
    4.990000  0.15000000E+001  0.30284628E+001  0.23523085E+001
    5.000000  0.15000000E+001  0.30355338E+001  0.23570226E+001
    5.010000  0.15000000E+001  0.30426049E+001  0.23617366E+001
    5.020000  0.15000000E+001  0.30496760E+001  0.23664506E+001
    5.030000  0.15000000E+001  0.30567470E+001  0.23711647E+001
    5.040000  0.15000000E+001  0.30638181E+001  0.23758787E+001
    5.050000  0.15000000E+001  0.30708892E+001  0.23805928E+001
    5.060000  0.15000000E+001  0.30779602E+001  0.23853068E+001
    5.070000  0.15000000E+001  0.30850313E+001  0.23900209E+001
    5.080000  0.15000000E+001  0.30921024E+001  0.23947349E+001
    5.090000  0.15000000E+001  0.30991734E+001  0.23994490E+001
    5.100000  0.15000000E+001  0.31062445E+001  0.24041630E+001
    5.110000  0.15000000E+001  0.31133156E+001  0.24088770E+001
    5.120000  0.15000000E+001  0.31203866E+001  0.24135911E+001
    5.130000  0.15000000E+001  0.31274577E+001  0.24183051E+001
    5.140000  0.15000000E+001  0.31345288E+001  0.24230192E+001
    5.150000  0.15000000E+001  0.31415998E+001  0.24277332E+001
    5.160000  0.15000000E+001  0.31486709E+001  0.24324473E+001
    5.170000  0.15000000E+001  0.31557420E+001  0.24371613E+001
    5.180000  0.15000000E+001  0.31628130E+001  0.24418754E+001
    5.190000  0.15000000E+001  0.31698841E+001  0.24465894E+001
    5.200000  0.15000000E+001  0.31769552E+001  0.24513035E+001
    5.210000  0.15000000E+001  0.31840262E+001  0.24560175E+001
    5.220000  0.15000000E+001  0.31910973E+001  0.24607315E+001
    5.230000  0.15000000E+001  0.31981684E+001  0.24654456E+001
    5.240000  0.15000000E+001  0.32052395E+001  0.24701596E+001
    5.250000  0.15000000E+001  0.32123105E+001  0.24748737E+001
    5.260000  0.15000000E+001  0.32193816E+001  0.24795877E+001
    5.270000  0.15000000E+001  0.32264527E+001  0.24843018E+001
    5.280000  0.15000000E+001  0.32335237E+001  0.24890158E+001
    5.290000  0.15000000E+001  0.32405948E+001  0.24937299E+001
    5.300000  0.15000000E+001  0.32476659E+001  0.24984439E+001
    5.310000  0.15000000E+001  0.32547369E+001  0.25031579E+001
    5.320000  0.15000000E+001  0.32618080E+001  0.25078720E+001
    5.330000  0.15000000E+001  0.32688791E+001  0.25125860E+001
    5.340000  0.15000000E+001  0.32759501E+001  0.25173001E+001
    5.350000  0.15000000E+001  0.32830212E+001  0.25220141E+001
    5.360000  0.15000000E+001  0.32900923E+001  0.25267282E+001
    5.370000  0.15000000E+001  0.32971633E+001  0.25314422E+001
    5.380000  0.15000000E+001  0.33042344E+001  0.25361563E+001
    5.390000  0.15000000E+001  0.33113055E+001  0.25408703E+001
    5.400000  0.15000000E+001  0.33183765E+001  0.25455844E+001
    5.410000  0.15000000E+001  0.33254476E+001  0.25502984E+001
    5.420000  0.15000000E+001  0.33325187E+001  0.25550124E+001
    5.430000  0.15000000E+001  0.33395897E+001  0.25597265E+001
    5.440000  0.15000000E+001  0.33466608E+001  0.25644405E+001
    5.450000  0.15000000E+001  0.33537319E+001  0.25691546E+001
    5.460000  0.15000000E+001  0.33608029E+001  0.25738686E+001
    5.470000  0.15000000E+001  0.33678740E+001  0.25785827E+001
    5.480000  0.15000000E+001  0.33749451E+001  0.25832967E+001
    5.490000  0.15000000E+001  0.33820161E+001  0.25880108E+001
    5.500000  0.15000000E+001  0.33890872E+001  0.25927248E+001
    5.510000  0.15000000E+001  0.33961583E+001  0.25974389E+001
    5.520000  0.15000000E+001  0.34032293E+001  0.26021529E+001
    5.530000  0.15000000E+001  0.34103004E+001  0.26068669E+001
    5.540000  0.15000000E+001  0.34173715E+001  0.26115810E+001
    5.550000  0.15000000E+001  0.34244425E+001  0.26162950E+001
    5.560000  0.15000000E+001  0.34315136E+001  0.26210091E+001
    5.570000  0.15000000E+001  0.34385847E+001  0.26257231E+001
    5.580000  0.15000000E+001  0.34456558E+001  0.26304372E+001
    5.590000  0.15000000E+001  0.34527268E+001  0.26351512E+001
    5.600000  0.15000000E+001  0.34597979E+001  0.26398653E+001
    5.610000  0.15000000E+001  0.34668690E+001  0.26445793E+001
    5.620000  0.15000000E+001  0.34739400E+001  0.26492933E+001
    5.630000  0.15000000E+001  0.34810111E+001  0.26540074E+001
    5.640000  0.15000000E+001  0.34880822E+001  0.26587214E+001
    5.650000  0.15000000E+001  0.34951532E+001  0.26634355E+001
    5.660000  0.15000000E+001  0.35022243E+001  0.26681495E+001
    5.670000  0.15000000E+001  0.35092954E+001  0.26728636E+001
    5.680000  0.15000000E+001  0.35163664E+001  0.26775776E+001
    5.690000  0.15000000E+001  0.35234375E+001  0.26822917E+001
    5.700000  0.15000000E+001  0.35305086E+001  0.26870057E+001
    5.710000  0.15000000E+001  0.35375796E+001  0.26917198E+001
    5.720000  0.15000000E+001  0.35446507E+001  0.26964338E+001
    5.730000  0.15000000E+001  0.35517218E+001  0.27011478E+001
    5.740000  0.15000000E+001  0.35587928E+001  0.27058619E+001
    5.750000  0.15000000E+001  0.35658639E+001  0.27105759E+001
    5.760000  0.15000000E+001  0.35729350E+001  0.27152900E+001
    5.770000  0.15000000E+001  0.35800060E+001  0.27200040E+001
    5.780000  0.15000000E+001  0.35870771E+001  0.27247181E+001
    5.790000  0.15000000E+001  0.35941482E+001  0.27294321E+001
    5.800000  0.15000000E+001  0.36012192E+001  0.27341462E+001
    5.810000  0.15000000E+001  0.36082903E+001  0.27388602E+001
    5.820000  0.15000000E+001  0.36153614E+001  0.27435742E+001
    5.830000  0.15000000E+001  0.36224324E+001  0.27482883E+001
    5.840000  0.15000000E+001  0.36295035E+001  0.27530023E+001
    5.850000  0.15000000E+001  0.36365746E+001  0.27577164E+001
    5.860000  0.15000000E+001  0.36436456E+001  0.27624304E+001
    5.870000  0.15000000E+001  0.36507167E+001  0.27671445E+001
    5.880000  0.15000000E+001  0.36577878E+001  0.27718585E+001
    5.890000  0.15000000E+001  0.36648588E+001  0.27765726E+001
    5.900000  0.15000000E+001  0.36719299E+001  0.27812866E+001
    5.910000  0.15000000E+001  0.36790010E+001  0.27860007E+001
    5.920000  0.15000000E+001  0.36860721E+001  0.27907147E+001
    5.930000  0.15000000E+001  0.36931431E+001  0.27954287E+001
    5.940000  0.15000000E+001  0.37002142E+001  0.28001428E+001
    5.950000  0.15000000E+001  0.37072853E+001  0.28048568E+001
    5.960000  0.15000000E+001  0.37143563E+001  0.28095709E+001
    5.970000  0.15000000E+001  0.37214274E+001  0.28142849E+001
    5.980000  0.15000000E+001  0.37284985E+001  0.28189990E+001
    5.990000  0.15000000E+001  0.37355695E+001  0.28237130E+001
    6.000000  0.15000000E+001  0.37426406E+001  0.28284271E+001
    6.010000  0.15000000E+001  0.37497117E+001  0.28331411E+001
    6.020000  0.15000000E+001  0.37567827E+001  0.28378552E+001
    6.030000  0.15000000E+001  0.37638538E+001  0.28425692E+001
    6.040000  0.15000000E+001  0.37709249E+001  0.28472832E+001
    6.050000  0.15000000E+001  0.37779959E+001  0.28519973E+001
    6.060000  0.15000000E+001  0.37850670E+001  0.28567113E+001
    6.070000  0.15000000E+001  0.37921381E+001  0.28614254E+001
    6.080000  0.15000000E+001  0.37992091E+001  0.28661394E+001
    6.090000  0.15000000E+001  0.38062802E+001  0.28708535E+001
    6.100000  0.15000000E+001  0.38133513E+001  0.28755675E+001
    6.110000  0.15000000E+001  0.38204223E+001  0.28802816E+001
    6.120000  0.15000000E+001  0.38274934E+001  0.28849956E+001
    6.130000  0.15000000E+001  0.38345645E+001  0.28897096E+001
    6.140000  0.15000000E+001  0.38416355E+001  0.28944237E+001
    6.150000  0.15000000E+001  0.38487066E+001  0.28991377E+001
    6.160000  0.15000000E+001  0.38557777E+001  0.29038518E+001
    6.170000  0.15000000E+001  0.38628487E+001  0.29085658E+001
    6.180000  0.15000000E+001  0.38699198E+001  0.29132799E+001
    6.190000  0.15000000E+001  0.38769909E+001  0.29179939E+001
    6.200000  0.15000000E+001  0.38840619E+001  0.29227080E+001
    6.210000  0.15000000E+001  0.38911330E+001  0.29274220E+001
    6.220000  0.15000000E+001  0.38982041E+001  0.29321361E+001
    6.230000  0.15000000E+001  0.39052751E+001  0.29368501E+001
    6.240000  0.15000000E+001  0.39123462E+001  0.29415641E+001
    6.250000  0.15000000E+001  0.39194173E+001  0.29462782E+001
    6.260000  0.15000000E+001  0.39264884E+001  0.29509922E+001
    6.270000  0.15000000E+001  0.39335594E+001  0.29557063E+001
    6.280000  0.15000000E+001  0.39406305E+001  0.29604203E+001
    6.290000  0.15000000E+001  0.39477016E+001  0.29651344E+001
    6.300000  0.15000000E+001  0.39547726E+001  0.29698484E+001
    6.310000  0.15000000E+001  0.39618437E+001  0.29745625E+001
    6.320000  0.15000000E+001  0.39689148E+001  0.29792765E+001
    6.330000  0.15000000E+001  0.39759858E+001  0.29839905E+001
    6.340000  0.15000000E+001  0.39830569E+001  0.29887046E+001
    6.350000  0.15000000E+001  0.39901280E+001  0.29934186E+001
    6.360000  0.15000000E+001  0.39971990E+001  0.29981327E+001
    6.370000  0.15000000E+001  0.40042701E+001  0.30028467E+001
    6.380000  0.15000000E+001  0.40113412E+001  0.30075608E+001
    6.390000  0.15000000E+001  0.40184122E+001  0.30122748E+001
    6.400000  0.15000000E+001  0.40254833E+001  0.30169889E+001
    6.410000  0.15000000E+001  0.40325544E+001  0.30217029E+001
    6.420000  0.15000000E+001  0.40396254E+001  0.30264170E+001
    6.430000  0.15000000E+001  0.40466965E+001  0.30311310E+001
    6.440000  0.15000000E+001  0.40537676E+001  0.30358450E+001
    6.450000  0.15000000E+001  0.40608386E+001  0.30405591E+001
    6.460000  0.15000000E+001  0.40679097E+001  0.30452731E+001
    6.470000  0.15000000E+001  0.40749808E+001  0.30499872E+001
    6.480000  0.15000000E+001  0.40820518E+001  0.30547012E+001
    6.490000  0.15000000E+001  0.40891229E+001  0.30594153E+001
    6.500000  0.15000000E+001  0.40961940E+001  0.30641293E+001
    6.510000  0.15000000E+001  0.41032650E+001  0.30688434E+001
    6.520000  0.15000000E+001  0.41103361E+001  0.30735574E+001
    6.530000  0.15000000E+001  0.41174072E+001  0.30782715E+001
    6.540000  0.15000000E+001  0.41244782E+001  0.30829855E+001
    6.550000  0.15000000E+001  0.41315493E+001  0.30876995E+001
    6.560000  0.15000000E+001  0.41386204E+001  0.30924136E+001
    6.570000  0.15000000E+001  0.41456914E+001  0.30971276E+001
    6.580000  0.15000000E+001  0.41527625E+001  0.31018417E+001
    6.590000  0.15000000E+001  0.41598336E+001  0.31065557E+001
    6.600000  0.15000000E+001  0.41669047E+001  0.31112698E+001
    6.610000  0.15000000E+001  0.41739757E+001  0.31159838E+001
    6.620000  0.15000000E+001  0.41810468E+001  0.31206979E+001
    6.630000  0.15000000E+001  0.41881179E+001  0.31254119E+001
    6.640000  0.15000000E+001  0.41951889E+001  0.31301259E+001
    6.650000  0.15000000E+001  0.42022600E+001  0.31348400E+001
    6.660000  0.15000000E+001  0.42093311E+001  0.31395540E+001
    6.670000  0.15000000E+001  0.42164021E+001  0.31442681E+001
    6.680000  0.15000000E+001  0.42234732E+001  0.31489821E+001
    6.690000  0.15000000E+001  0.42305443E+001  0.31536962E+001
    6.700000  0.15000000E+001  0.42376153E+001  0.31584102E+001
    6.710000  0.15000000E+001  0.42446864E+001  0.31631243E+001
    6.720000  0.15000000E+001  0.42517575E+001  0.31678383E+001
    6.730000  0.15000000E+001  0.42588285E+001  0.31725524E+001
    6.740000  0.15000000E+001  0.42658996E+001  0.31772664E+001
    6.750000  0.15000000E+001  0.42729707E+001  0.31819804E+001
    6.760000  0.15000000E+001  0.42800417E+001  0.31866945E+001
    6.770000  0.15000000E+001  0.42871128E+001  0.31914085E+001
    6.780000  0.15000000E+001  0.42941839E+001  0.31961226E+001
    6.790000  0.15000000E+001  0.43012549E+001  0.32008366E+001
    6.800000  0.15000000E+001  0.43083260E+001  0.32055507E+001
    6.810000  0.15000000E+001  0.43153971E+001  0.32102647E+001
    6.820000  0.15000000E+001  0.43224681E+001  0.32149788E+001
    6.830000  0.15000000E+001  0.43295392E+001  0.32196928E+001
    6.840000  0.15000000E+001  0.43366103E+001  0.32244069E+001
    6.850000  0.15000000E+001  0.43436813E+001  0.32291209E+001
    6.860000  0.15000000E+001  0.43507524E+001  0.32338349E+001
    6.870000  0.15000000E+001  0.43578235E+001  0.32385490E+001
    6.880000  0.15000000E+001  0.43648945E+001  0.32432630E+001
    6.890000  0.15000000E+001  0.43719656E+001  0.32479771E+001
    6.900000  0.15000000E+001  0.43790367E+001  0.32526911E+001
    6.910000  0.15000000E+001  0.43861077E+001  0.32574052E+001
    6.920000  0.15000000E+001  0.43931788E+001  0.32621192E+001
    6.930000  0.15000000E+001  0.44002499E+001  0.32668333E+001
    6.940000  0.15000000E+001  0.44073210E+001  0.32715473E+001
    6.950000  0.15000000E+001  0.44143920E+001  0.32762613E+001
    6.960000  0.15000000E+001  0.44214631E+001  0.32809754E+001
    6.970000  0.15000000E+001  0.44285342E+001  0.32856894E+001
    6.980000  0.15000000E+001  0.44356052E+001  0.32904035E+001
    6.990000  0.15000000E+001  0.44426763E+001  0.32951175E+001
    7.000000  0.15000000E+001  0.44497474E+001  0.32998316E+001
    7.010000  0.15000000E+001  0.44568184E+001  0.33045456E+001
    7.020000  0.15000000E+001  0.44638895E+001  0.33092597E+001
    7.030000  0.15000000E+001  0.44709606E+001  0.33139737E+001
    7.040000  0.15000000E+001  0.44780316E+001  0.33186878E+001
    7.050000  0.15000000E+001  0.44851027E+001  0.33234018E+001
    7.060000  0.15000000E+001  0.44921738E+001  0.33281158E+001
    7.070000  0.15000000E+001  0.44992448E+001  0.33328299E+001
    7.080000  0.15000000E+001  0.45063159E+001  0.33375439E+001
    7.090000  0.15000000E+001  0.45133870E+001  0.33422580E+001
    7.100000  0.15000000E+001  0.45204580E+001  0.33469720E+001
    7.110000  0.15000000E+001  0.45275291E+001  0.33516861E+001
    7.120000  0.15000000E+001  0.45346002E+001  0.33564001E+001
    7.130000  0.15000000E+001  0.45416712E+001  0.33611142E+001
    7.140000  0.15000000E+001  0.45487423E+001  0.33658282E+001
    7.150000  0.15000000E+001  0.45558134E+001  0.33705422E+001
    7.160000  0.15000000E+001  0.45628844E+001  0.33752563E+001
    7.170000  0.15000000E+001  0.45699555E+001  0.33799703E+001
    7.180000  0.15000000E+001  0.45770266E+001  0.33846844E+001
    7.190000  0.15000000E+001  0.45840976E+001  0.33893984E+001
    7.200000  0.15000000E+001  0.45911687E+001  0.33941125E+001
    7.210000  0.15000000E+001  0.45982398E+001  0.33988265E+001
    7.220000  0.15000000E+001  0.46053108E+001  0.34035406E+001
    7.230000  0.15000000E+001  0.46123819E+001  0.34082546E+001
    7.240000  0.15000000E+001  0.46194530E+001  0.34129687E+001
    7.250000  0.15000000E+001  0.46265240E+001  0.34176827E+001
    7.260000  0.15000000E+001  0.46335951E+001  0.34223967E+001
    7.270000  0.15000000E+001  0.46406662E+001  0.34271108E+001
    7.280000  0.15000000E+001  0.46477373E+001  0.34318248E+001
    7.290000  0.15000000E+001  0.46548083E+001  0.34365389E+001
    7.300000  0.15000000E+001  0.46618794E+001  0.34412529E+001
    7.310000  0.15000000E+001  0.46689505E+001  0.34459670E+001
    7.320000  0.15000000E+001  0.46760215E+001  0.34506810E+001
    7.330000  0.15000000E+001  0.46830926E+001  0.34553951E+001
    7.340000  0.15000000E+001  0.46901637E+001  0.34601091E+001
    7.350000  0.15000000E+001  0.46972347E+001  0.34648232E+001
    7.360000  0.15000000E+001  0.47043058E+001  0.34695372E+001
    7.370000  0.15000000E+001  0.47113769E+001  0.34742512E+001
    7.380000  0.15000000E+001  0.47184479E+001  0.34789653E+001
    7.390000  0.15000000E+001  0.47255190E+001  0.34836793E+001
    7.400000  0.15000000E+001  0.47325901E+001  0.34883934E+001
    7.410000  0.15000000E+001  0.47396611E+001  0.34931074E+001
    7.420000  0.15000000E+001  0.47467322E+001  0.34978215E+001
    7.430000  0.15000000E+001  0.47538033E+001  0.35025355E+001
    7.440000  0.15000000E+001  0.47608743E+001  0.35072496E+001
    7.450000  0.15000000E+001  0.47679454E+001  0.35119636E+001
    7.460000  0.15000000E+001  0.47750165E+001  0.35166776E+001
    7.470000  0.15000000E+001  0.47820875E+001  0.35213917E+001
    7.480000  0.15000000E+001  0.47891586E+001  0.35261057E+001
    7.490000  0.15000000E+001  0.47962297E+001  0.35308198E+001
    7.500000  0.15000000E+001  0.48033007E+001  0.35355338E+001
    7.510000  0.15000000E+001  0.48103718E+001  0.35402479E+001
    7.520000  0.15000000E+001  0.48174429E+001  0.35449619E+001
    7.530000  0.15000000E+001  0.48245139E+001  0.35496760E+001
    7.540000  0.15000000E+001  0.48315850E+001  0.35543900E+001
    7.550000  0.15000000E+001  0.48386561E+001  0.35591041E+001
    7.560000  0.15000000E+001  0.48457271E+001  0.35638181E+001
    7.570000  0.15000000E+001  0.48527982E+001  0.35685321E+001
    7.580000  0.15000000E+001  0.48598693E+001  0.35732462E+001
    7.590000  0.15000000E+001  0.48669403E+001  0.35779602E+001
    7.600000  0.15000000E+001  0.48740114E+001  0.35826743E+001
    7.610000  0.15000000E+001  0.48810825E+001  0.35873883E+001
    7.620000  0.15000000E+001  0.48881536E+001  0.35921024E+001
    7.630000  0.15000000E+001  0.48952246E+001  0.35968164E+001
    7.640000  0.15000000E+001  0.49022957E+001  0.36015305E+001
    7.650000  0.15000000E+001  0.49093668E+001  0.36062445E+001
    7.660000  0.15000000E+001  0.49164378E+001  0.36109585E+001
    7.670000  0.15000000E+001  0.49235089E+001  0.36156726E+001
    7.680000  0.15000000E+001  0.49305800E+001  0.36203866E+001
    7.690000  0.15000000E+001  0.49376510E+001  0.36251007E+001
    7.700000  0.15000000E+001  0.49447221E+001  0.36298147E+001
    7.710000  0.15000000E+001  0.49517932E+001  0.36345288E+001
    7.720000  0.15000000E+001  0.49588642E+001  0.36392428E+001
    7.730000  0.15000000E+001  0.49659353E+001  0.36439569E+001
    7.740000  0.15000000E+001  0.49730064E+001  0.36486709E+001
    7.750000  0.15000000E+001  0.49800774E+001  0.36533850E+001
    7.760000  0.15000000E+001  0.49871485E+001  0.36580990E+001
    7.770000  0.15000000E+001  0.49942196E+001  0.36628130E+001
    7.780000  0.15000000E+001  0.50012906E+001  0.36675271E+001
    7.790000  0.15000000E+001  0.50083617E+001  0.36722411E+001
    7.800000  0.15000000E+001  0.50154328E+001  0.36769552E+001
    7.810000  0.15000000E+001  0.50225038E+001  0.36816692E+001
    7.820000  0.15000000E+001  0.50295749E+001  0.36863833E+001
    7.830000  0.15000000E+001  0.50366460E+001  0.36910973E+001
    7.840000  0.15000000E+001  0.50437170E+001  0.36958114E+001
    7.850000  0.15000000E+001  0.50507881E+001  0.37005254E+001
    7.860000  0.15000000E+001  0.50578592E+001  0.37052395E+001
    7.870000  0.15000000E+001  0.50649302E+001  0.37099535E+001
    7.880000  0.15000000E+001  0.50720013E+001  0.37146675E+001
    7.890000  0.15000000E+001  0.50790724E+001  0.37193816E+001
    7.900000  0.15000000E+001  0.50861434E+001  0.37240956E+001
    7.910000  0.15000000E+001  0.50932145E+001  0.37288097E+001
    7.920000  0.15000000E+001  0.51002856E+001  0.37335237E+001
    7.930000  0.15000000E+001  0.51073566E+001  0.37382378E+001
    7.940000  0.15000000E+001  0.51144277E+001  0.37429518E+001
    7.950000  0.15000000E+001  0.51214988E+001  0.37476659E+001
    7.960000  0.15000000E+001  0.51285699E+001  0.37523799E+001
    7.970000  0.15000000E+001  0.51356409E+001  0.37570939E+001
    7.980000  0.15000000E+001  0.51427120E+001  0.37618080E+001
    7.990000  0.15000000E+001  0.51497831E+001  0.37665220E+001
    8.000000  0.15000000E+001  0.51568541E+001  0.37712361E+001
    8.010000  0.15000000E+001  0.51639252E+001  0.37759501E+001
    8.020000  0.15000000E+001  0.51709963E+001  0.37806642E+001
    8.030000  0.15000000E+001  0.51780673E+001  0.37853782E+001
    8.040000  0.15000000E+001  0.51851384E+001  0.37900923E+001
    8.050000  0.15000000E+001  0.51922095E+001  0.37948063E+001
    8.060000  0.15000000E+001  0.51992805E+001  0.37995204E+001
    8.070000  0.15000000E+001  0.52063516E+001  0.38042344E+001
    8.080000  0.15000000E+001  0.52134227E+001  0.38089484E+001
    8.090000  0.15000000E+001  0.52204937E+001  0.38136625E+001
    8.100000  0.15000000E+001  0.52275648E+001  0.38183765E+001
    8.110000  0.15000000E+001  0.52346359E+001  0.38230906E+001
    8.120000  0.15000000E+001  0.52417069E+001  0.38278046E+001
    8.130000  0.15000000E+001  0.52487780E+001  0.38325187E+001
    8.140000  0.15000000E+001  0.52558491E+001  0.38372327E+001
    8.150000  0.15000000E+001  0.52629201E+001  0.38419468E+001
    8.160000  0.15000000E+001  0.52699912E+001  0.38466608E+001
    8.170000  0.15000000E+001  0.52770623E+001  0.38513748E+001
    8.180000  0.15000000E+001  0.52841333E+001  0.38560889E+001
    8.190000  0.15000000E+001  0.52912044E+001  0.38608029E+001
    8.200000  0.15000000E+001  0.52982755E+001  0.38655170E+001
    8.210000  0.15000000E+001  0.53053465E+001  0.38702310E+001
    8.220000  0.15000000E+001  0.53124176E+001  0.38749451E+001
    8.230000  0.15000000E+001  0.53194887E+001  0.38796591E+001
    8.240000  0.15000000E+001  0.53265597E+001  0.38843732E+001
    8.250000  0.15000000E+001  0.53336308E+001  0.38890872E+001
    8.260000  0.15000000E+001  0.53407019E+001  0.38938013E+001
    8.270000  0.15000000E+001  0.53477729E+001  0.38985153E+001
    8.280000  0.15000000E+001  0.53548440E+001  0.39032293E+001
    8.290000  0.15000000E+001  0.53619151E+001  0.39079434E+001
    8.300000  0.15000000E+001  0.53689862E+001  0.39126574E+001
    8.310000  0.15000000E+001  0.53760572E+001  0.39173715E+001
    8.320000  0.15000000E+001  0.53831283E+001  0.39220855E+001
    8.330000  0.15000000E+001  0.53901994E+001  0.39267996E+001
    8.340000  0.15000000E+001  0.53972704E+001  0.39315136E+001
    8.350000  0.15000000E+001  0.54043415E+001  0.39362277E+001
    8.360000  0.15000000E+001  0.54114126E+001  0.39409417E+001
    8.370000  0.15000000E+001  0.54184836E+001  0.39456558E+001
    8.380000  0.15000000E+001  0.54255547E+001  0.39503698E+001
    8.390000  0.15000000E+001  0.54326258E+001  0.39550838E+001
    8.400000  0.15000000E+001  0.54396968E+001  0.39597979E+001
    8.410000  0.15000000E+001  0.54467679E+001  0.39645119E+001
    8.420000  0.15000000E+001  0.54538390E+001  0.39692260E+001
    8.430000  0.15000000E+001  0.54609100E+001  0.39739400E+001
    8.440000  0.15000000E+001  0.54679811E+001  0.39786541E+001
    8.450000  0.15000000E+001  0.54750522E+001  0.39833681E+001
    8.460000  0.15000000E+001  0.54821232E+001  0.39880822E+001
    8.470000  0.15000000E+001  0.54891943E+001  0.39927962E+001
    8.480000  0.15000000E+001  0.54962654E+001  0.39975102E+001
    8.490000  0.15000000E+001  0.55033364E+001  0.40022243E+001
    8.500000  0.15000000E+001  0.55104075E+001  0.40069383E+001
    8.510000  0.15000000E+001  0.55174786E+001  0.40116524E+001
    8.520000  0.15000000E+001  0.55245496E+001  0.40163664E+001
    8.530000  0.15000000E+001  0.55316207E+001  0.40210805E+001
    8.540000  0.15000000E+001  0.55386918E+001  0.40257945E+001
    8.550000  0.15000000E+001  0.55457628E+001  0.40305086E+001
    8.560000  0.15000000E+001  0.55528339E+001  0.40352226E+001
    8.570000  0.15000000E+001  0.55599050E+001  0.40399367E+001
    8.580000  0.15000000E+001  0.55669760E+001  0.40446507E+001
    8.590000  0.15000000E+001  0.55740471E+001  0.40493647E+001
    8.600000  0.15000000E+001  0.55811182E+001  0.40540788E+001
    8.610000  0.15000000E+001  0.55881892E+001  0.40587928E+001
    8.620000  0.15000000E+001  0.55952603E+001  0.40635069E+001
    8.630000  0.15000000E+001  0.56023314E+001  0.40682209E+001
    8.640000  0.15000000E+001  0.56094025E+001  0.40729350E+001
    8.650000  0.15000000E+001  0.56164735E+001  0.40776490E+001
    8.660000  0.15000000E+001  0.56235446E+001  0.40823631E+001
    8.670000  0.15000000E+001  0.56306157E+001  0.40870771E+001
    8.680000  0.15000000E+001  0.56376867E+001  0.40917911E+001
    8.690000  0.15000000E+001  0.56447578E+001  0.40965052E+001
    8.700000  0.15000000E+001  0.56518289E+001  0.41012192E+001
    8.710000  0.15000000E+001  0.56588999E+001  0.41059333E+001
    8.720000  0.15000000E+001  0.56659710E+001  0.41106473E+001
    8.730000  0.15000000E+001  0.56730421E+001  0.41153614E+001
    8.740000  0.15000000E+001  0.56801131E+001  0.41200754E+001
    8.750000  0.15000000E+001  0.56871842E+001  0.41247895E+001
    8.760000  0.15000000E+001  0.56942553E+001  0.41295035E+001
    8.770000  0.15000000E+001  0.57013263E+001  0.41342176E+001
    8.780000  0.15000000E+001  0.57083974E+001  0.41389316E+001
    8.790000  0.15000000E+001  0.57154685E+001  0.41436456E+001
    8.800000  0.15000000E+001  0.57225395E+001  0.41483597E+001
    8.810000  0.15000000E+001  0.57296106E+001  0.41530737E+001
    8.820000  0.15000000E+001  0.57366817E+001  0.41577878E+001
    8.830000  0.15000000E+001  0.57437527E+001  0.41625018E+001
    8.840000  0.15000000E+001  0.57508238E+001  0.41672159E+001
    8.850000  0.15000000E+001  0.57578949E+001  0.41719299E+001
    8.860000  0.15000000E+001  0.57649659E+001  0.41766440E+001
    8.870000  0.15000000E+001  0.57720370E+001  0.41813580E+001
    8.880000  0.15000000E+001  0.57791081E+001  0.41860721E+001
    8.890000  0.15000000E+001  0.57861791E+001  0.41907861E+001
    8.900000  0.15000000E+001  0.57932502E+001  0.41955001E+001
    8.910000  0.15000000E+001  0.58003213E+001  0.42002142E+001
    8.920000  0.15000000E+001  0.58073923E+001  0.42049282E+001
    8.930000  0.15000000E+001  0.58144634E+001  0.42096423E+001
    8.940000  0.15000000E+001  0.58215345E+001  0.42143563E+001
    8.950000  0.15000000E+001  0.58286056E+001  0.42190704E+001
    8.960000  0.15000000E+001  0.58356766E+001  0.42237844E+001
    8.970000  0.15000000E+001  0.58427477E+001  0.42284985E+001
    8.980000  0.15000000E+001  0.58498188E+001  0.42332125E+001
    8.990000  0.15000000E+001  0.58568898E+001  0.42379265E+001
    9.000000  0.15000000E+001  0.58639609E+001  0.42426406E+001
    9.010000  0.15000000E+001  0.58710320E+001  0.42473546E+001
    9.020000  0.15000000E+001  0.58781030E+001  0.42520687E+001
    9.030000  0.15000000E+001  0.58851741E+001  0.42567827E+001
    9.040000  0.15000000E+001  0.58922452E+001  0.42614968E+001
    9.050000  0.15000000E+001  0.58993162E+001  0.42662108E+001
    9.060000  0.15000000E+001  0.59063873E+001  0.42709249E+001
    9.070000  0.15000000E+001  0.59134584E+001  0.42756389E+001
    9.080000  0.15000000E+001  0.59205294E+001  0.42803530E+001
    9.090000  0.15000000E+001  0.59276005E+001  0.42850670E+001
    9.100000  0.15000000E+001  0.59346716E+001  0.42897810E+001
    9.110000  0.15000000E+001  0.59417426E+001  0.42944951E+001
    9.120000  0.15000000E+001  0.59488137E+001  0.42992091E+001
    9.130000  0.15000000E+001  0.59558848E+001  0.43039232E+001
    9.140000  0.15000000E+001  0.59629558E+001  0.43086372E+001
    9.150000  0.15000000E+001  0.59700269E+001  0.43133513E+001
    9.160000  0.15000000E+001  0.59770980E+001  0.43180653E+001
    9.170000  0.15000000E+001  0.59841690E+001  0.43227794E+001
    9.180000  0.15000000E+001  0.59912401E+001  0.43274934E+001
    9.190000  0.15000000E+001  0.59983112E+001  0.43322074E+001
    9.200000  0.15000000E+001  0.60053822E+001  0.43369215E+001
    9.210000  0.15000000E+001  0.60124533E+001  0.43416355E+001
    9.220000  0.15000000E+001  0.60195244E+001  0.43463496E+001
    9.230000  0.15000000E+001  0.60265954E+001  0.43510636E+001
    9.240000  0.15000000E+001  0.60336665E+001  0.43557777E+001
    9.250000  0.15000000E+001  0.60407376E+001  0.43604917E+001
    9.260000  0.15000000E+001  0.60478086E+001  0.43652058E+001
    9.270000  0.15000000E+001  0.60548797E+001  0.43699198E+001
    9.280000  0.15000000E+001  0.60619508E+001  0.43746339E+001
    9.290000  0.15000000E+001  0.60690219E+001  0.43793479E+001
    9.300000  0.15000000E+001  0.60760929E+001  0.43840619E+001
    9.310000  0.15000000E+001  0.60831640E+001  0.43887760E+001
    9.320000  0.15000000E+001  0.60902351E+001  0.43934900E+001
    9.330000  0.15000000E+001  0.60973061E+001  0.43982041E+001
    9.340000  0.15000000E+001  0.61043772E+001  0.44029181E+001
    9.350000  0.15000000E+001  0.61114483E+001  0.44076322E+001
    9.360000  0.15000000E+001  0.61185193E+001  0.44123462E+001
    9.370000  0.15000000E+001  0.61255904E+001  0.44170603E+001
    9.380000  0.15000000E+001  0.61326615E+001  0.44217743E+001
    9.390000  0.15000000E+001  0.61397325E+001  0.44264884E+001
    9.400000  0.15000000E+001  0.61468036E+001  0.44312024E+001
    9.410000  0.15000000E+001  0.61538747E+001  0.44359164E+001
    9.420000  0.15000000E+001  0.61609457E+001  0.44406305E+001
    9.430000  0.15000000E+001  0.61680168E+001  0.44453445E+001
    9.440000  0.15000000E+001  0.61750879E+001  0.44500586E+001
    9.450000  0.15000000E+001  0.61821589E+001  0.44547726E+001
    9.460000  0.15000000E+001  0.61892300E+001  0.44594867E+001
    9.470000  0.15000000E+001  0.61963011E+001  0.44642007E+001
    9.480000  0.15000000E+001  0.62033721E+001  0.44689148E+001
    9.490000  0.15000000E+001  0.62104432E+001  0.44736288E+001
    9.500000  0.15000000E+001  0.62175143E+001  0.44783428E+001
    9.510000  0.15000000E+001  0.62245853E+001  0.44830569E+001
    9.520000  0.15000000E+001  0.62316564E+001  0.44877709E+001
    9.530000  0.15000000E+001  0.62387275E+001  0.44924850E+001
    9.540000  0.15000000E+001  0.62457985E+001  0.44971990E+001
    9.550000  0.15000000E+001  0.62528696E+001  0.45019131E+001
    9.560000  0.15000000E+001  0.62599407E+001  0.45066271E+001
    9.570000  0.15000000E+001  0.62670117E+001  0.45113412E+001
    9.580000  0.15000000E+001  0.62740828E+001  0.45160552E+001
    9.590000  0.15000000E+001  0.62811539E+001  0.45207693E+001
    9.600000  0.15000000E+001  0.62882249E+001  0.45254833E+001
    9.610000  0.15000000E+001  0.62952960E+001  0.45301973E+001
    9.620000  0.15000000E+001  0.63023671E+001  0.45349114E+001
    9.630000  0.15000000E+001  0.63094382E+001  0.45396254E+001
    9.640000  0.15000000E+001  0.63165092E+001  0.45443395E+001
    9.650000  0.15000000E+001  0.63235803E+001  0.45490535E+001
    9.660000  0.15000000E+001  0.63306514E+001  0.45537676E+001
    9.670000  0.15000000E+001  0.63377224E+001  0.45584816E+001
    9.680000  0.15000000E+001  0.63447935E+001  0.45631957E+001
    9.690000  0.15000000E+001  0.63518646E+001  0.45679097E+001
    9.700000  0.15000000E+001  0.63589356E+001  0.45726237E+001
    9.710000  0.15000000E+001  0.63660067E+001  0.45773378E+001
    9.720000  0.15000000E+001  0.63730778E+001  0.45820518E+001
    9.730000  0.15000000E+001  0.63801488E+001  0.45867659E+001
    9.740000  0.15000000E+001  0.63872199E+001  0.45914799E+001
    9.750000  0.15000000E+001  0.63942910E+001  0.45961940E+001
    9.760000  0.15000000E+001  0.64013620E+001  0.46009080E+001
    9.770000  0.15000000E+001  0.64084331E+001  0.46056221E+001
    9.780000  0.15000000E+001  0.64155042E+001  0.46103361E+001
    9.790000  0.15000000E+001  0.64225752E+001  0.46150502E+001
    9.800000  0.15000000E+001  0.64296463E+001  0.46197642E+001
    9.810000  0.15000000E+001  0.64367174E+001  0.46244782E+001
    9.820000  0.15000000E+001  0.64437884E+001  0.46291923E+001
    9.830000  0.15000000E+001  0.64508595E+001  0.46339063E+001
    9.840000  0.15000000E+001  0.64579306E+001  0.46386204E+001
    9.850000  0.15000000E+001  0.64650016E+001  0.46433344E+001
    9.860000  0.15000000E+001  0.64720727E+001  0.46480485E+001
    9.870000  0.15000000E+001  0.64791438E+001  0.46527625E+001
    9.880000  0.15000000E+001  0.64862148E+001  0.46574766E+001
    9.890000  0.15000000E+001  0.64932859E+001  0.46621906E+001
    9.900000  0.15000000E+001  0.65003570E+001  0.46669047E+001
    9.910000  0.15000000E+001  0.65074280E+001  0.46716187E+001
    9.920000  0.15000000E+001  0.65144991E+001  0.46763327E+001
    9.930000  0.15000000E+001  0.65215702E+001  0.46810468E+001
    9.940000  0.15000000E+001  0.65286412E+001  0.46857608E+001
    9.950000  0.15000000E+001  0.65357123E+001  0.46904749E+001
    9.960000  0.15000000E+001  0.65427834E+001  0.46951889E+001
    9.970000  0.15000000E+001  0.65498545E+001  0.46999030E+001
    9.980000  0.15000000E+001  0.65569255E+001  0.47046170E+001
    9.990000  0.15000000E+001  0.65639966E+001  0.47093311E+001
   10.000000  0.15000000E+001  0.65710677E+001  0.47140451E+001
